{"(0.001, 0.001, 0.001, 0.001, 0.001, 0.001, 0.001, 0.001, 0.001, 0.001, 0.001, 0.001, 0.001, 0.001, 0.001, 0.001)": 326, "(0.001, 0.001, 0.999, 0.001, 0.001, 0.999, 0.001, 0.001, 0.001, 0.999, 0.001, 0.999, 0.999, 0.999, 0.999, 0.001)": 20, "(0.999, 0.001, 0.001, 0.999, 0.001, 0.999, 0.001, 0.001, 0.001, 0.999, 0.001, 0.001, 0.001, 0.999, 0.001, 0.001)": 13, "(0.001, 0.001, 0.001, 0.999, 0.001, 0.001, 0.001, 0.001, 0.001, 0.001, 0.999, 0.999, 0.001, 0.001, 0.001, 0.999)": 58, "(0.001, 0.001, 0.001, 0.001, 0.999, 0.001, 0.999, 0.001, 0.999, 0.001, 0.001, 0.999, 0.001, 0.999, 0.999, 0.001)": 275, "(0.001, 0.999, 0.001, 0.001, 0.999, 0.999, 0.001, 0.001, 0.999, 0.001, 0.001, 0.001, 0.001, 0.001, 0.999, 0.999)": 4, "(0.001, 0.999, 0.001, 0.001, 0.999, 0.001, 0.001, 0.001, 0.999, 0.001, 0.001, 0.999, 0.001, 0.999, 0.999, 0.001)": 481, "(0.999, 0.999, 0.999, 0.001, 0.999, 0.001, 0.001, 0.001, 0.999, 0.001, 0.999, 0.999, 0.999, 0.001, 0.999, 0.001)": 10, "(0.999, 0.999, 0.999, 0.999, 0.001, 0.999, 0.999, 0.999, 0.999, 0.999, 0.001, 0.999, 0.999, 0.001, 0.001, 0.999)": 3, "(0.001, 0.001, 0.001, 0.999, 0.999, 0.999, 0.001, 0.001, 0.001, 0.999, 0.001, 0.999, 0.999, 0.999, 0.999, 0.001)": 12, "(0.001, 0.001, 0.001, 0.999, 0.001, 0.001, 0.001, 0.001, 0.999, 0.999, 0.001, 0.001, 0.001, 0.999, 0.999, 0.001)": 52, "(0.001, 0.001, 0.001, 0.001, 0.999, 0.001, 0.999, 0.001, 0.001, 0.001, 0.001, 0.001, 0.001, 0.999, 0.001, 0.999)": 174, "(0.001, 0.999, 0.001, 0.001, 0.999, 0.999, 0.001, 0.001, 0.001, 0.999, 0.999, 0.001, 0.001, 0.001, 0.001, 0.999)": 41, "(0.001, 0.001, 0.001, 0.001, 0.001, 0.001, 0.001, 0.001, 0.999, 0.001, 0.001, 0.999, 0.999, 0.001, 0.001, 0.001)": 407, "(0.999, 0.001, 0.001, 0.001, 0.001, 0.999, 0.001, 0.001, 0.999, 0.999, 0.999, 0.001, 0.001, 0.001, 0.001, 0.999)": 80, "(0.001, 0.999, 0.001, 0.001, 0.001, 0.001, 0.999, 0.001, 0.999, 0.999, 0.999, 0.999, 0.001, 0.999, 0.001, 0.999)": 27, "(0.999, 0.999, 0.001, 0.001, 0.999, 0.001, 0.999, 0.001, 0.001, 0.999, 0.001, 0.001, 0.999, 0.001, 0.001, 0.001)": 1, "(0.999, 0.001, 0.001, 0.999, 0.001, 0.999, 0.999, 0.999, 0.001, 0.001, 0.001, 0.001, 0.001, 0.999, 0.999, 0.999)": 7, "(0.001, 0.001, 0.001, 0.001, 0.001, 0.001, 0.001, 0.001, 0.999, 0.001, 0.001, 0.999, 0.999, 0.001, 0.999, 0.999)": 100, "(0.999, 0.001, 0.001, 0.001, 0.999, 0.001, 0.999, 0.001, 0.999, 0.001, 0.001, 0.001, 0.001, 0.999, 0.001, 0.999)": 1, "(0.999, 0.999, 0.001, 0.999, 0.999, 0.999, 0.999, 0.999, 0.999, 0.001, 0.999, 0.001, 0.001, 0.999, 0.999, 0.999)": 2, "(0.001, 0.001, 0.001, 0.001, 0.001, 0.999, 0.999, 0.999, 0.001, 0.001, 0.001, 0.999, 0.999, 0.001, 0.001, 0.001)": 6, "(0.999, 0.001, 0.001, 0.001, 0.999, 0.001, 0.001, 0.001, 0.999, 0.999, 0.001, 0.999, 0.001, 0.999, 0.999, 0.001)": 731, "(0.999, 0.999, 0.999, 0.001, 0.999, 0.001, 0.999, 0.001, 0.001, 0.999, 0.001, 0.001, 0.999, 0.001, 0.001, 0.999)": 1, "(0.999, 0.999, 0.001, 0.001, 0.001, 0.999, 0.999, 0.999, 0.001, 0.999, 0.001, 0.999, 0.999, 0.999, 0.999, 0.001)": 1, "(0.001, 0.001, 0.001, 0.999, 0.001, 0.001, 0.001, 0.999, 0.999, 0.999, 0.001, 0.999, 0.999, 0.999, 0.999, 0.999)": 21, "(0.001, 0.001, 0.001, 0.001, 0.999, 0.999, 0.001, 0.001, 0.999, 0.001, 0.001, 0.999, 0.001, 0.001, 0.001, 0.001)": 125, "(0.999, 0.999, 0.999, 0.001, 0.999, 0.001, 0.001, 0.001, 0.001, 0.001, 0.999, 0.999, 0.001, 0.001, 0.999, 0.999)": 1, "(0.001, 0.999, 0.001, 0.001, 0.999, 0.001, 0.999, 0.999, 0.001, 0.001, 0.001, 0.999, 0.999, 0.999, 0.001, 0.001)": 10, "(0.001, 0.001, 0.001, 0.999, 0.999, 0.001, 0.001, 0.001, 0.999, 0.999, 0.001, 0.999, 0.001, 0.001, 0.999, 0.001)": 21, "(0.001, 0.001, 0.001, 0.001, 0.001, 0.999, 0.001, 0.001, 0.999, 0.001, 0.999, 0.999, 0.001, 0.999, 0.999, 0.999)": 404, "(0.001, 0.001, 0.001, 0.001, 0.001, 0.001, 0.001, 0.001, 0.999, 0.001, 0.999, 0.001, 0.001, 0.999, 0.001, 0.999)": 95, "(0.999, 0.001, 0.001, 0.001, 0.999, 0.999, 0.999, 0.001, 0.999, 0.999, 0.999, 0.001, 0.001, 0.999, 0.001, 0.001)": 7, "(0.999, 0.999, 0.001, 0.999, 0.999, 0.999, 0.001, 0.001, 0.001, 0.001, 0.999, 0.999, 0.999, 0.999, 0.001, 0.999)": 1, "(0.999, 0.999, 0.999, 0.999, 0.001, 0.001, 0.001, 0.999, 0.999, 0.999, 0.999, 0.001, 0.001, 0.001, 0.001, 0.999)": 4, "(0.001, 0.999, 0.999, 0.001, 0.001, 0.001, 0.001, 0.001, 0.999, 0.001, 0.999, 0.001, 0.001, 0.001, 0.001, 0.001)": 1, "(0.001, 0.001, 0.001, 0.999, 0.001, 0.999, 0.999, 0.001, 0.999, 0.999, 0.001, 0.999, 0.001, 0.999, 0.999, 0.999)": 21, "(0.999, 0.001, 0.001, 0.001, 0.999, 0.999, 0.001, 0.001, 0.001, 0.001, 0.001, 0.999, 0.001, 0.001, 0.001, 0.001)": 45, "(0.999, 0.001, 0.999, 0.001, 0.999, 0.001, 0.999, 0.999, 0.999, 0.999, 0.001, 0.999, 0.001, 0.001, 0.999, 0.999)": 1, "(0.999, 0.999, 0.999, 0.001, 0.999, 0.999, 0.999, 0.999, 0.001, 0.001, 0.001, 0.999, 0.999, 0.999, 0.999, 0.999)": 1, "(0.001, 0.001, 0.001, 0.999, 0.999, 0.999, 0.999, 0.001, 0.999, 0.999, 0.999, 0.999, 0.999, 0.001, 0.001, 0.999)": 13, "(0.999, 0.001, 0.001, 0.999, 0.001, 0.999, 0.001, 0.001, 0.999, 0.999, 0.001, 0.999, 0.999, 0.001, 0.001, 0.999)": 106, "(0.001, 0.999, 0.001, 0.001, 0.001, 0.001, 0.001, 0.001, 0.001, 0.999, 0.999, 0.999, 0.999, 0.001, 0.001, 0.999)": 143, "(0.001, 0.999, 0.001, 0.001, 0.999, 0.001, 0.999, 0.001, 0.999, 0.001, 0.001, 0.001, 0.001, 0.001, 0.999, 0.001)": 3, "(0.001, 0.999, 0.001, 0.999, 0.001, 0.001, 0.001, 0.999, 0.001, 0.001, 0.001, 0.999, 0.001, 0.001, 0.999, 0.999)": 3, "(0.001, 0.999, 0.001, 0.001, 0.999, 0.001, 0.001, 0.999, 0.999, 0.999, 0.001, 0.999, 0.001, 0.001, 0.999, 0.999)": 9, "(0.001, 0.001, 0.999, 0.001, 0.999, 0.001, 0.001, 0.001, 0.999, 0.999, 0.999, 0.999, 0.999, 0.999, 0.001, 0.999)": 2, "(0.999, 0.001, 0.999, 0.001, 0.001, 0.001, 0.001, 0.999, 0.001, 0.999, 0.001, 0.999, 0.001, 0.001, 0.001, 0.001)": 24, "(0.999, 0.999, 0.001, 0.001, 0.999, 0.001, 0.001, 0.001, 0.999, 0.999, 0.999, 0.001, 0.999, 0.999, 0.001, 0.001)": 115, "(0.001, 0.001, 0.999, 0.001, 0.999, 0.999, 0.001, 0.001, 0.999, 0.999, 0.001, 0.999, 0.001, 0.999, 0.001, 0.999)": 26, "(0.999, 0.001, 0.001, 0.001, 0.001, 0.001, 0.001, 0.999, 0.999, 0.001, 0.001, 0.001, 0.001, 0.001, 0.999, 0.999)": 2812, "(0.999, 0.001, 0.001, 0.001, 0.999, 0.001, 0.001, 0.001, 0.999, 0.999, 0.999, 0.999, 0.999, 0.001, 0.001, 0.999)": 140, "(0.001, 0.999, 0.999, 0.001, 0.001, 0.001, 0.999, 0.001, 0.001, 0.001, 0.999, 0.001, 0.999, 0.001, 0.001, 0.999)": 7, "(0.001, 0.999, 0.001, 0.001, 0.001, 0.001, 0.001, 0.999, 0.001, 0.999, 0.001, 0.001, 0.001, 0.999, 0.999, 0.001)": 8, "(0.999, 0.001, 0.001, 0.999, 0.001, 0.001, 0.001, 0.001, 0.001, 0.999, 0.001, 0.999, 0.999, 0.001, 0.001, 0.999)": 126, "(0.999, 0.001, 0.001, 0.001, 0.999, 0.001, 0.001, 0.001, 0.001, 0.999, 0.999, 0.999, 0.001, 0.001, 0.001, 0.001)": 75, "(0.001, 0.001, 0.999, 0.001, 0.999, 0.001, 0.999, 0.001, 0.001, 0.001, 0.999, 0.001, 0.999, 0.999, 0.999, 0.001)": 30, "(0.999, 0.001, 0.999, 0.999, 0.999, 0.001, 0.001, 0.999, 0.001, 0.999, 0.999, 0.999, 0.999, 0.001, 0.001, 0.999)": 10, "(0.001, 0.001, 0.001, 0.999, 0.001, 0.001, 0.001, 0.001, 0.999, 0.001, 0.999, 0.999, 0.999, 0.001, 0.001, 0.999)": 24, "(0.001, 0.999, 0.001, 0.001, 0.999, 0.001, 0.001, 0.001, 0.999, 0.001, 0.001, 0.001, 0.001, 0.001, 0.999, 0.001)": 101, "(0.001, 0.999, 0.999, 0.001, 0.999, 0.001, 0.999, 0.001, 0.001, 0.001, 0.999, 0.001, 0.001, 0.001, 0.999, 0.001)": 7, "(0.001, 0.001, 0.001, 0.999, 0.999, 0.001, 0.001, 0.999, 0.999, 0.001, 0.999, 0.001, 0.999, 0.001, 0.999, 0.999)": 17, "(0.001, 0.999, 0.001, 0.001, 0.999, 0.001, 0.001, 0.999, 0.999, 0.999, 0.999, 0.999, 0.001, 0.001, 0.001, 0.001)": 5, "(0.999, 0.001, 0.001, 0.001, 0.999, 0.001, 0.001, 0.001, 0.001, 0.001, 0.999, 0.999, 0.999, 0.999, 0.001, 0.999)": 538, "(0.999, 0.999, 0.001, 0.001, 0.001, 0.001, 0.999, 0.001, 0.001, 0.001, 0.001, 0.999, 0.001, 0.001, 0.999, 0.001)": 4, "(0.999, 0.999, 0.001, 0.001, 0.001, 0.001, 0.001, 0.999, 0.001, 0.001, 0.999, 0.999, 0.999, 0.999, 0.999, 0.001)": 6, "(0.001, 0.999, 0.001, 0.001, 0.001, 0.001, 0.001, 0.999, 0.999, 0.999, 0.001, 0.999, 0.999, 0.999, 0.001, 0.999)": 7, "(0.999, 0.001, 0.001, 0.001, 0.001, 0.001, 0.001, 0.001, 0.001, 0.999, 0.001, 0.999, 0.001, 0.001, 0.001, 0.999)": 123, "(0.999, 0.001, 0.999, 0.001, 0.001, 0.999, 0.001, 0.001, 0.001, 0.999, 0.999, 0.001, 0.001, 0.001, 0.999, 0.001)": 17, "(0.001, 0.001, 0.999, 0.999, 0.999, 0.001, 0.001, 0.999, 0.001, 0.001, 0.999, 0.001, 0.999, 0.001, 0.999, 0.999)": 5, "(0.001, 0.001, 0.001, 0.999, 0.001, 0.001, 0.999, 0.001, 0.999, 0.999, 0.001, 0.999, 0.999, 0.001, 0.999, 0.999)": 4, "(0.999, 0.999, 0.001, 0.001, 0.001, 0.001, 0.001, 0.001, 0.001, 0.001, 0.001, 0.001, 0.999, 0.001, 0.001, 0.999)": 249, "(0.001, 0.999, 0.001, 0.001, 0.999, 0.001, 0.001, 0.001, 0.001, 0.001, 0.999, 0.001, 0.001, 0.999, 0.999, 0.999)": 51, "(0.001, 0.999, 0.001, 0.001, 0.999, 0.001, 0.001, 0.001, 0.999, 0.999, 0.999, 0.001, 0.001, 0.999, 0.999, 0.999)": 53, "(0.001, 0.999, 0.999, 0.001, 0.999, 0.001, 0.001, 0.001, 0.001, 0.999, 0.999, 0.999, 0.999, 0.999, 0.001, 0.999)": 4, "(0.999, 0.001, 0.001, 0.999, 0.001, 0.001, 0.999, 0.001, 0.001, 0.001, 0.999, 0.999, 0.001, 0.001, 0.999, 0.999)": 120, "(0.999, 0.001, 0.001, 0.001, 0.001, 0.999, 0.001, 0.001, 0.999, 0.999, 0.999, 0.001, 0.999, 0.999, 0.999, 0.001)": 244, "(0.001, 0.001, 0.999, 0.001, 0.999, 0.001, 0.001, 0.001, 0.999, 0.001, 0.999, 0.999, 0.999, 0.999, 0.999, 0.001)": 51, "(0.001, 0.001, 0.001, 0.999, 0.001, 0.999, 0.999, 0.999, 0.001, 0.001, 0.001, 0.999, 0.999, 0.001, 0.001, 0.001)": 16, "(0.001, 0.001, 0.001, 0.001, 0.001, 0.999, 0.999, 0.001, 0.999, 0.001, 0.001, 0.999, 0.001, 0.999, 0.999, 0.999)": 30, "(0.999, 0.999, 0.001, 0.999, 0.999, 0.001, 0.001, 0.999, 0.001, 0.999, 0.999, 0.001, 0.001, 0.999, 0.999, 0.999)": 1, "(0.001, 0.999, 0.999, 0.999, 0.999, 0.001, 0.001, 0.999, 0.999, 0.999, 0.999, 0.001, 0.999, 0.999, 0.999, 0.001)": 2, "(0.999, 0.999, 0.001, 0.001, 0.001, 0.001, 0.001, 0.001, 0.001, 0.001, 0.001, 0.001, 0.999, 0.999, 0.999, 0.001)": 74, "(0.001, 0.001, 0.999, 0.001, 0.999, 0.999, 0.001, 0.001, 0.001, 0.001, 0.001, 0.999, 0.001, 0.999, 0.001, 0.999)": 3, "(0.999, 0.001, 0.001, 0.999, 0.001, 0.999, 0.001, 0.999, 0.999, 0.999, 0.001, 0.001, 0.999, 0.001, 0.001, 0.999)": 5, "(0.999, 0.001, 0.001, 0.001, 0.999, 0.999, 0.001, 0.001, 0.999, 0.999, 0.999, 0.999, 0.001, 0.001, 0.001, 0.999)": 28, "(0.999, 0.001, 0.999, 0.001, 0.999, 0.001, 0.999, 0.999, 0.001, 0.001, 0.001, 0.001, 0.001, 0.999, 0.001, 0.999)": 31, "(0.999, 0.999, 0.999, 0.999, 0.999, 0.999, 0.001, 0.001, 0.001, 0.999, 0.001, 0.999, 0.001, 0.999, 0.999, 0.999)": 2, "(0.001, 0.001, 0.999, 0.999, 0.001, 0.001, 0.001, 0.999, 0.999, 0.001, 0.999, 0.001, 0.001, 0.999, 0.001, 0.001)": 9, "(0.001, 0.999, 0.001, 0.999, 0.001, 0.001, 0.001, 0.001, 0.999, 0.999, 0.999, 0.999, 0.999, 0.999, 0.001, 0.001)": 22, "(0.999, 0.001, 0.001, 0.001, 0.001, 0.001, 0.001, 0.001, 0.001, 0.001, 0.999, 0.001, 0.999, 0.001, 0.001, 0.001)": 90, "(0.999, 0.001, 0.001, 0.001, 0.999, 0.999, 0.999, 0.001, 0.999, 0.001, 0.001, 0.999, 0.001, 0.001, 0.001, 0.001)": 61, "(0.999, 0.001, 0.999, 0.001, 0.999, 0.999, 0.999, 0.999, 0.001, 0.001, 0.999, 0.001, 0.001, 0.999, 0.999, 0.001)": 1164, "(0.999, 0.999, 0.999, 0.999, 0.999, 0.999, 0.001, 0.999, 0.001, 0.999, 0.999, 0.001, 0.001, 0.999, 0.001, 0.999)": 1, "(0.001, 0.999, 0.999, 0.999, 0.999, 0.999, 0.999, 0.999, 0.999, 0.999, 0.999, 0.001, 0.001, 0.001, 0.999, 0.999)": 2, "(0.001, 0.999, 0.999, 0.999, 0.001, 0.999, 0.001, 0.001, 0.001, 0.999, 0.001, 0.001, 0.999, 0.001, 0.999, 0.999)": 1, "(0.999, 0.001, 0.999, 0.999, 0.999, 0.999, 0.001, 0.999, 0.999, 0.999, 0.001, 0.999, 0.999, 0.001, 0.001, 0.999)": 4, "(0.999, 0.999, 0.001, 0.999, 0.999, 0.001, 0.001, 0.001, 0.999, 0.001, 0.999, 0.999, 0.999, 0.001, 0.001, 0.999)": 7, "(0.001, 0.001, 0.999, 0.999, 0.001, 0.999, 0.001, 0.001, 0.999, 0.001, 0.999, 0.999, 0.999, 0.999, 0.999, 0.001)": 13, "(0.001, 0.001, 0.001, 0.001, 0.001, 0.999, 0.001, 0.001, 0.999, 0.999, 0.001, 0.999, 0.999, 0.001, 0.999, 0.001)": 16, "(0.999, 0.001, 0.999, 0.001, 0.001, 0.999, 0.999, 0.001, 0.001, 0.001, 0.999, 0.001, 0.001, 0.001, 0.999, 0.001)": 1, "(0.999, 0.001, 0.999, 0.999, 0.001, 0.001, 0.999, 0.999, 0.001, 0.001, 0.001, 0.001, 0.999, 0.001, 0.999, 0.001)": 4, "(0.001, 0.999, 0.001, 0.001, 0.001, 0.999, 0.001, 0.001, 0.999, 0.001, 0.001, 0.999, 0.001, 0.999, 0.999, 0.001)": 21, "(0.999, 0.001, 0.001, 0.001, 0.001, 0.999, 0.001, 0.001, 0.999, 0.001, 0.001, 0.999, 0.999, 0.999, 0.999, 0.999)": 79, "(0.999, 0.999, 0.999, 0.001, 0.999, 0.001, 0.999, 0.001, 0.001, 0.999, 0.001, 0.001, 0.999, 0.999, 0.001, 0.001)": 2, "(0.999, 0.001, 0.001, 0.999, 0.001, 0.999, 0.999, 0.001, 0.999, 0.999, 0.999, 0.001, 0.999, 0.001, 0.999, 0.999)": 72, "(0.001, 0.001, 0.001, 0.001, 0.001, 0.999, 0.999, 0.001, 0.999, 0.999, 0.001, 0.001, 0.001, 0.001, 0.001, 0.001)": 16, "(0.001, 0.999, 0.001, 0.999, 0.001, 0.001, 0.001, 0.001, 0.001, 0.001, 0.001, 0.999, 0.999, 0.999, 0.001, 0.999)": 9, "(0.001, 0.999, 0.001, 0.001, 0.999, 0.001, 0.001, 0.001, 0.999, 0.999, 0.999, 0.001, 0.001, 0.001, 0.999, 0.999)": 19, "(0.999, 0.001, 0.001, 0.001, 0.001, 0.001, 0.001, 0.001, 0.999, 0.999, 0.999, 0.001, 0.001, 0.999, 0.001, 0.999)": 150, "(0.999, 0.001, 0.999, 0.001, 0.999, 0.001, 0.999, 0.001, 0.001, 0.999, 0.999, 0.999, 0.999, 0.999, 0.999, 0.999)": 2, "(0.999, 0.001, 0.001, 0.999, 0.999, 0.999, 0.001, 0.999, 0.001, 0.999, 0.001, 0.999, 0.001, 0.999, 0.001, 0.999)": 53, "(0.999, 0.001, 0.001, 0.999, 0.001, 0.001, 0.999, 0.999, 0.999, 0.001, 0.999, 0.001, 0.999, 0.999, 0.001, 0.001)": 31, "(0.001, 0.001, 0.001, 0.999, 0.001, 0.999, 0.001, 0.001, 0.999, 0.999, 0.999, 0.001, 0.999, 0.999, 0.001, 0.001)": 18, "(0.001, 0.001, 0.001, 0.001, 0.999, 0.001, 0.001, 0.999, 0.999, 0.001, 0.001, 0.999, 0.999, 0.999, 0.001, 0.999)": 37, "(0.001, 0.999, 0.001, 0.001, 0.001, 0.001, 0.001, 0.999, 0.001, 0.001, 0.001, 0.999, 0.999, 0.001, 0.001, 0.001)": 6, "(0.001, 0.001, 0.001, 0.001, 0.001, 0.001, 0.001, 0.001, 0.999, 0.999, 0.001, 0.001, 0.001, 0.001, 0.999, 0.999)": 1, "(0.999, 0.001, 0.001, 0.001, 0.999, 0.999, 0.999, 0.001, 0.999, 0.001, 0.999, 0.001, 0.001, 0.001, 0.999, 0.001)": 4, "(0.999, 0.001, 0.001, 0.001, 0.999, 0.999, 0.999, 0.999, 0.999, 0.001, 0.999, 0.001, 0.999, 0.001, 0.999, 0.999)": 44, "(0.999, 0.001, 0.001, 0.001, 0.999, 0.999, 0.999, 0.999, 0.001, 0.999, 0.001, 0.999, 0.001, 0.999, 0.001, 0.999)": 2538, "(0.999, 0.001, 0.001, 0.999, 0.999, 0.999, 0.999, 0.001, 0.999, 0.001, 0.001, 0.999, 0.001, 0.001, 0.999, 0.001)": 24, "(0.001, 0.999, 0.001, 0.999, 0.999, 0.001, 0.001, 0.001, 0.001, 0.001, 0.001, 0.999, 0.999, 0.001, 0.001, 0.999)": 12, "(0.001, 0.001, 0.999, 0.001, 0.999, 0.999, 0.001, 0.001, 0.999, 0.001, 0.999, 0.999, 0.999, 0.999, 0.001, 0.999)": 38, "(0.999, 0.001, 0.999, 0.999, 0.999, 0.999, 0.001, 0.999, 0.001, 0.001, 0.999, 0.001, 0.001, 0.999, 0.001, 0.999)": 5, "(0.001, 0.999, 0.001, 0.001, 0.999, 0.001, 0.001, 0.999, 0.999, 0.001, 0.001, 0.001, 0.999, 0.999, 0.999, 0.001)": 19, "(0.999, 0.001, 0.001, 0.999, 0.999, 0.999, 0.001, 0.001, 0.999, 0.999, 0.001, 0.999, 0.001, 0.001, 0.999, 0.001)": 17, "(0.999, 0.999, 0.001, 0.001, 0.001, 0.001, 0.999, 0.001, 0.999, 0.001, 0.999, 0.001, 0.999, 0.999, 0.999, 0.999)": 15, "(0.999, 0.001, 0.001, 0.999, 0.001, 0.001, 0.999, 0.001, 0.001, 0.001, 0.001, 0.001, 0.001, 0.001, 0.999, 0.999)": 52, "(0.001, 0.999, 0.001, 0.001, 0.999, 0.001, 0.001, 0.001, 0.999, 0.001, 0.001, 0.001, 0.999, 0.001, 0.999, 0.999)": 369, "(0.999, 0.001, 0.001, 0.001, 0.001, 0.999, 0.999, 0.001, 0.999, 0.999, 0.999, 0.001, 0.001, 0.999, 0.001, 0.999)": 24, "(0.001, 0.999, 0.001, 0.999, 0.001, 0.001, 0.001, 0.001, 0.999, 0.999, 0.999, 0.001, 0.999, 0.999, 0.999, 0.999)": 29, "(0.001, 0.999, 0.001, 0.001, 0.999, 0.001, 0.001, 0.001, 0.999, 0.999, 0.999, 0.999, 0.001, 0.001, 0.999, 0.999)": 177, "(0.001, 0.001, 0.999, 0.001, 0.999, 0.999, 0.999, 0.001, 0.001, 0.001, 0.999, 0.001, 0.999, 0.999, 0.001, 0.001)": 3, "(0.001, 0.001, 0.999, 0.001, 0.001, 0.001, 0.999, 0.999, 0.999, 0.999, 0.001, 0.999, 0.999, 0.001, 0.001, 0.001)": 20, "(0.999, 0.001, 0.001, 0.999, 0.999, 0.999, 0.001, 0.001, 0.999, 0.999, 0.001, 0.001, 0.999, 0.001, 0.001, 0.999)": 1, "(0.001, 0.999, 0.001, 0.001, 0.999, 0.001, 0.001, 0.001, 0.999, 0.999, 0.999, 0.999, 0.999, 0.001, 0.001, 0.001)": 424, "(0.999, 0.999, 0.999, 0.001, 0.999, 0.001, 0.999, 0.001, 0.001, 0.999, 0.999, 0.999, 0.999, 0.999, 0.001, 0.001)": 16, "(0.001, 0.999, 0.001, 0.999, 0.999, 0.001, 0.999, 0.001, 0.001, 0.001, 0.001, 0.001, 0.999, 0.001, 0.999, 0.999)": 4, "(0.001, 0.999, 0.999, 0.001, 0.999, 0.999, 0.001, 0.001, 0.001, 0.001, 0.001, 0.001, 0.999, 0.001, 0.001, 0.999)": 3, "(0.999, 0.001, 0.999, 0.999, 0.001, 0.001, 0.999, 0.999, 0.999, 0.001, 0.001, 0.999, 0.999, 0.999, 0.999, 0.001)": 3, "(0.001, 0.999, 0.001, 0.001, 0.001, 0.999, 0.001, 0.001, 0.001, 0.999, 0.999, 0.001, 0.001, 0.001, 0.001, 0.001)": 2, "(0.999, 0.001, 0.001, 0.001, 0.001, 0.001, 0.001, 0.001, 0.001, 0.001, 0.001, 0.001, 0.999, 0.001, 0.001, 0.999)": 30, "(0.001, 0.001, 0.999, 0.001, 0.001, 0.001, 0.999, 0.001, 0.001, 0.001, 0.999, 0.001, 0.001, 0.001, 0.999, 0.999)": 31, "(0.001, 0.001, 0.001, 0.999, 0.001, 0.001, 0.999, 0.999, 0.001, 0.999, 0.001, 0.001, 0.999, 0.999, 0.001, 0.999)": 12, "(0.999, 0.001, 0.001, 0.001, 0.001, 0.999, 0.001, 0.001, 0.999, 0.999, 0.001, 0.001, 0.001, 0.001, 0.001, 0.001)": 485, "(0.001, 0.999, 0.001, 0.001, 0.001, 0.001, 0.999, 0.001, 0.999, 0.001, 0.001, 0.999, 0.999, 0.999, 0.999, 0.001)": 25, "(0.001, 0.999, 0.001, 0.999, 0.001, 0.001, 0.001, 0.001, 0.999, 0.999, 0.999, 0.999, 0.999, 0.999, 0.999, 0.999)": 12, "(0.001, 0.001, 0.001, 0.001, 0.001, 0.999, 0.001, 0.001, 0.001, 0.999, 0.001, 0.001, 0.001, 0.999, 0.001, 0.999)": 16, "(0.001, 0.999, 0.001, 0.001, 0.999, 0.001, 0.001, 0.001, 0.999, 0.001, 0.001, 0.001, 0.001, 0.999, 0.001, 0.001)": 483, "(0.999, 0.001, 0.999, 0.001, 0.001, 0.001, 0.999, 0.001, 0.999, 0.999, 0.999, 0.999, 0.001, 0.001, 0.001, 0.001)": 8, "(0.001, 0.001, 0.999, 0.999, 0.001, 0.001, 0.001, 0.999, 0.001, 0.001, 0.999, 0.999, 0.999, 0.999, 0.999, 0.001)": 5, "(0.001, 0.999, 0.001, 0.001, 0.999, 0.999, 0.001, 0.001, 0.001, 0.001, 0.999, 0.001, 0.001, 0.999, 0.999, 0.999)": 11, "(0.999, 0.001, 0.001, 0.001, 0.999, 0.001, 0.001, 0.001, 0.999, 0.999, 0.001, 0.001, 0.001, 0.999, 0.001, 0.001)": 144, "(0.001, 0.999, 0.999, 0.001, 0.001, 0.001, 0.001, 0.001, 0.001, 0.999, 0.001, 0.999, 0.001, 0.001, 0.001, 0.999)": 2, "(0.001, 0.001, 0.001, 0.001, 0.001, 0.999, 0.999, 0.999, 0.999, 0.999, 0.999, 0.999, 0.999, 0.999, 0.999, 0.001)": 24, "(0.001, 0.001, 0.001, 0.999, 0.001, 0.001, 0.001, 0.001, 0.999, 0.999, 0.001, 0.999, 0.999, 0.001, 0.001, 0.001)": 49, "(0.001, 0.001, 0.001, 0.999, 0.001, 0.001, 0.999, 0.001, 0.999, 0.999, 0.999, 0.999, 0.001, 0.999, 0.001, 0.001)": 36, "(0.999, 0.999, 0.001, 0.001, 0.999, 0.001, 0.001, 0.001, 0.999, 0.999, 0.001, 0.999, 0.001, 0.999, 0.001, 0.999)": 13, "(0.999, 0.999, 0.001, 0.001, 0.999, 0.001, 0.999, 0.001, 0.999, 0.999, 0.001, 0.001, 0.999, 0.999, 0.999, 0.001)": 4, "(0.999, 0.999, 0.999, 0.999, 0.999, 0.001, 0.001, 0.001, 0.999, 0.999, 0.001, 0.001, 0.001, 0.001, 0.999, 0.001)": 7, "(0.999, 0.001, 0.001, 0.999, 0.001, 0.999, 0.001, 0.001, 0.001, 0.999, 0.999, 0.001, 0.001, 0.999, 0.001, 0.001)": 15, "(0.001, 0.001, 0.001, 0.999, 0.001, 0.001, 0.001, 0.001, 0.001, 0.999, 0.001, 0.999, 0.999, 0.999, 0.001, 0.001)": 28, "(0.999, 0.999, 0.001, 0.001, 0.999, 0.001, 0.001, 0.001, 0.001, 0.999, 0.999, 0.999, 0.999, 0.999, 0.999, 0.999)": 78, "(0.999, 0.001, 0.999, 0.001, 0.999, 0.999, 0.001, 0.001, 0.001, 0.999, 0.001, 0.001, 0.001, 0.999, 0.999, 0.001)": 10, "(0.999, 0.999, 0.999, 0.001, 0.999, 0.999, 0.001, 0.001, 0.999, 0.001, 0.999, 0.999, 0.001, 0.001, 0.001, 0.999)": 1, "(0.999, 0.001, 0.001, 0.001, 0.001, 0.001, 0.001, 0.999, 0.001, 0.001, 0.999, 0.001, 0.001, 0.999, 0.001, 0.999)": 2530, "(0.999, 0.001, 0.001, 0.001, 0.999, 0.001, 0.001, 0.001, 0.001, 0.001, 0.001, 0.999, 0.001, 0.001, 0.999, 0.999)": 174, "(0.999, 0.001, 0.001, 0.001, 0.999, 0.999, 0.999, 0.001, 0.001, 0.001, 0.999, 0.001, 0.001, 0.999, 0.999, 0.001)": 34, "(0.999, 0.001, 0.001, 0.999, 0.999, 0.999, 0.001, 0.001, 0.999, 0.001, 0.999, 0.001, 0.001, 0.999, 0.001, 0.001)": 26, "(0.001, 0.001, 0.001, 0.001, 0.001, 0.999, 0.001, 0.001, 0.001, 0.001, 0.001, 0.001, 0.001, 0.001, 0.001, 0.001)": 799, "(0.999, 0.999, 0.001, 0.001, 0.999, 0.001, 0.999, 0.001, 0.001, 0.001, 0.001, 0.001, 0.999, 0.001, 0.999, 0.001)": 11, "(0.999, 0.001, 0.001, 0.999, 0.999, 0.999, 0.999, 0.999, 0.001, 0.999, 0.001, 0.001, 0.001, 0.999, 0.999, 0.001)": 8, "(0.999, 0.999, 0.999, 0.999, 0.999, 0.999, 0.999, 0.999, 0.999, 0.999, 0.001, 0.001, 0.999, 0.001, 0.001, 0.001)": 1, "(0.001, 0.999, 0.999, 0.999, 0.999, 0.999, 0.999, 0.999, 0.001, 0.999, 0.001, 0.999, 0.001, 0.999, 0.999, 0.999)": 3, "(0.999, 0.999, 0.001, 0.001, 0.999, 0.001, 0.001, 0.001, 0.001, 0.999, 0.999, 0.999, 0.999, 0.999, 0.001, 0.999)": 129, "(0.999, 0.001, 0.999, 0.001, 0.999, 0.001, 0.999, 0.001, 0.001, 0.999, 0.999, 0.999, 0.001, 0.999, 0.001, 0.001)": 13, "(0.999, 0.999, 0.001, 0.999, 0.001, 0.999, 0.999, 0.999, 0.999, 0.001, 0.999, 0.999, 0.001, 0.001, 0.001, 0.001)": 2, "(0.999, 0.001, 0.001, 0.999, 0.001, 0.999, 0.999, 0.001, 0.999, 0.999, 0.001, 0.001, 0.999, 0.999, 0.001, 0.999)": 32, "(0.999, 0.001, 0.001, 0.001, 0.001, 0.001, 0.001, 0.999, 0.001, 0.001, 0.999, 0.001, 0.001, 0.999, 0.001, 0.001)": 2033, "(0.001, 0.999, 0.001, 0.001, 0.001, 0.001, 0.001, 0.999, 0.999, 0.999, 0.001, 0.001, 0.999, 0.999, 0.999, 0.999)": 3, "(0.999, 0.999, 0.001, 0.999, 0.001, 0.001, 0.001, 0.001, 0.999, 0.001, 0.001, 0.001, 0.001, 0.001, 0.999, 0.001)": 13, "(0.999, 0.999, 0.001, 0.001, 0.001, 0.001, 0.001, 0.001, 0.001, 0.999, 0.999, 0.999, 0.999, 0.001, 0.999, 0.001)": 117, "(0.999, 0.001, 0.001, 0.001, 0.999, 0.001, 0.999, 0.001, 0.001, 0.001, 0.999, 0.001, 0.001, 0.001, 0.001, 0.001)": 4, "(0.999, 0.999, 0.999, 0.999, 0.999, 0.999, 0.001, 0.001, 0.001, 0.001, 0.999, 0.999, 0.999, 0.999, 0.999, 0.001)": 4, "(0.001, 0.999, 0.001, 0.001, 0.001, 0.999, 0.001, 0.001, 0.999, 0.001, 0.999, 0.999, 0.999, 0.001, 0.999, 0.999)": 14, "(0.999, 0.001, 0.001, 0.001, 0.001, 0.999, 0.001, 0.001, 0.999, 0.001, 0.999, 0.001, 0.999, 0.001, 0.001, 0.999)": 134, "(0.999, 0.001, 0.999, 0.001, 0.999, 0.999, 0.001, 0.001, 0.999, 0.999, 0.999, 0.001, 0.001, 0.001, 0.999, 0.999)": 9, "(0.001, 0.999, 0.001, 0.999, 0.999, 0.999, 0.001, 0.999, 0.001, 0.999, 0.999, 0.001, 0.001, 0.001, 0.001, 0.001)": 1, "(0.001, 0.001, 0.001, 0.001, 0.001, 0.001, 0.001, 0.001, 0.001, 0.999, 0.999, 0.999, 0.001, 0.001, 0.999, 0.999)": 147, "(0.001, 0.001, 0.999, 0.001, 0.999, 0.999, 0.999, 0.001, 0.999, 0.999, 0.001, 0.001, 0.999, 0.999, 0.001, 0.999)": 1, "(0.999, 0.999, 0.001, 0.001, 0.001, 0.001, 0.001, 0.999, 0.001, 0.001, 0.001, 0.001, 0.999, 0.999, 0.001, 0.999)": 46, "(0.999, 0.001, 0.001, 0.999, 0.001, 0.001, 0.001, 0.001, 0.001, 0.001, 0.999, 0.999, 0.999, 0.001, 0.001, 0.001)": 179, "(0.001, 0.001, 0.001, 0.001, 0.001, 0.001, 0.001, 0.001, 0.001, 0.999, 0.001, 0.999, 0.001, 0.001, 0.001, 0.999)": 334, "(0.999, 0.001, 0.999, 0.001, 0.001, 0.001, 0.001, 0.001, 0.999, 0.001, 0.999, 0.001, 0.001, 0.001, 0.001, 0.999)": 20, "(0.999, 0.999, 0.001, 0.001, 0.999, 0.001, 0.001, 0.999, 0.999, 0.001, 0.001, 0.001, 0.999, 0.001, 0.001, 0.001)": 47, "(0.999, 0.999, 0.001, 0.001, 0.001, 0.001, 0.001, 0.001, 0.999, 0.999, 0.001, 0.999, 0.999, 0.999, 0.999, 0.999)": 75, "(0.999, 0.001, 0.999, 0.001, 0.999, 0.001, 0.999, 0.001, 0.001, 0.999, 0.999, 0.001, 0.999, 0.999, 0.001, 0.001)": 4, "(0.999, 0.999, 0.001, 0.999, 0.999, 0.001, 0.999, 0.999, 0.999, 0.999, 0.001, 0.001, 0.999, 0.001, 0.001, 0.999)": 1, "(0.999, 0.001, 0.001, 0.001, 0.999, 0.001, 0.001, 0.001, 0.999, 0.999, 0.001, 0.001, 0.999, 0.999, 0.001, 0.999)": 125, "(0.999, 0.001, 0.999, 0.001, 0.999, 0.999, 0.001, 0.001, 0.999, 0.999, 0.001, 0.999, 0.001, 0.001, 0.999, 0.001)": 4, "(0.999, 0.001, 0.999, 0.999, 0.999, 0.001, 0.999, 0.999, 0.999, 0.001, 0.999, 0.001, 0.001, 0.001, 0.001, 0.001)": 7, "(0.001, 0.001, 0.999, 0.001, 0.999, 0.999, 0.001, 0.999, 0.001, 0.001, 0.001, 0.001, 0.999, 0.001, 0.999, 0.001)": 6, "(0.999, 0.001, 0.001, 0.999, 0.001, 0.001, 0.001, 0.001, 0.001, 0.001, 0.999, 0.001, 0.999, 0.999, 0.001, 0.001)": 190, "(0.999, 0.001, 0.001, 0.001, 0.001, 0.001, 0.001, 0.001, 0.001, 0.999, 0.001, 0.001, 0.001, 0.999, 0.999, 0.999)": 66, "(0.001, 0.001, 0.999, 0.001, 0.999, 0.999, 0.001, 0.001, 0.001, 0.001, 0.001, 0.001, 0.999, 0.999, 0.999, 0.001)": 139, "(0.001, 0.001, 0.999, 0.999, 0.999, 0.999, 0.001, 0.999, 0.001, 0.001, 0.999, 0.001, 0.001, 0.001, 0.999, 0.999)": 1, "(0.001, 0.001, 0.001, 0.001, 0.001, 0.999, 0.001, 0.999, 0.999, 0.999, 0.001, 0.001, 0.999, 0.999, 0.999, 0.999)": 8, "(0.001, 0.001, 0.001, 0.001, 0.001, 0.999, 0.999, 0.001, 0.001, 0.999, 0.001, 0.999, 0.001, 0.999, 0.999, 0.999)": 65, "(0.001, 0.001, 0.001, 0.999, 0.001, 0.001, 0.001, 0.001, 0.001, 0.999, 0.999, 0.001, 0.999, 0.001, 0.001, 0.001)": 58, "(0.001, 0.999, 0.001, 0.001, 0.001, 0.001, 0.001, 0.001, 0.999, 0.999, 0.999, 0.999, 0.001, 0.001, 0.001, 0.001)": 7, "(0.001, 0.001, 0.999, 0.001, 0.001, 0.001, 0.999, 0.001, 0.999, 0.999, 0.001, 0.001, 0.999, 0.999, 0.999, 0.001)": 16, "(0.001, 0.001, 0.999, 0.999, 0.999, 0.001, 0.001, 0.999, 0.999, 0.001, 0.001, 0.001, 0.999, 0.001, 0.999, 0.001)": 2, "(0.001, 0.001, 0.999, 0.999, 0.001, 0.001, 0.001, 0.999, 0.001, 0.999, 0.999, 0.001, 0.001, 0.999, 0.001, 0.999)": 18, "(0.001, 0.001, 0.001, 0.999, 0.999, 0.999, 0.001, 0.001, 0.001, 0.999, 0.001, 0.001, 0.001, 0.001, 0.999, 0.999)": 11, "(0.001, 0.001, 0.001, 0.001, 0.999, 0.001, 0.001, 0.001, 0.999, 0.001, 0.001, 0.001, 0.999, 0.001, 0.999, 0.001)": 155, "(0.001, 0.001, 0.999, 0.001, 0.999, 0.999, 0.001, 0.001, 0.999, 0.999, 0.001, 0.999, 0.001, 0.001, 0.999, 0.001)": 23, "(0.999, 0.001, 0.999, 0.999, 0.001, 0.001, 0.001, 0.001, 0.001, 0.001, 0.001, 0.001, 0.999, 0.999, 0.001, 0.999)": 3, "(0.001, 0.999, 0.001, 0.001, 0.999, 0.001, 0.001, 0.001, 0.999, 0.001, 0.999, 0.001, 0.001, 0.001, 0.001, 0.001)": 131, "(0.001, 0.999, 0.001, 0.001, 0.999, 0.001, 0.999, 0.001, 0.001, 0.999, 0.001, 0.001, 0.999, 0.999, 0.999, 0.001)": 40, "(0.999, 0.001, 0.001, 0.001, 0.999, 0.001, 0.001, 0.999, 0.001, 0.001, 0.001, 0.999, 0.999, 0.001, 0.001, 0.999)": 1273, "(0.999, 0.001, 0.999, 0.999, 0.999, 0.001, 0.001, 0.999, 0.001, 0.001, 0.001, 0.999, 0.001, 0.999, 0.001, 0.999)": 24, "(0.999, 0.999, 0.001, 0.001, 0.001, 0.999, 0.001, 0.001, 0.001, 0.999, 0.999, 0.001, 0.999, 0.999, 0.999, 0.001)": 5, "(0.999, 0.001, 0.001, 0.001, 0.999, 0.001, 0.001, 0.001, 0.999, 0.999, 0.001, 0.999, 0.001, 0.999, 0.999, 0.999)": 143, "(0.999, 0.001, 0.999, 0.001, 0.999, 0.999, 0.999, 0.001, 0.999, 0.001, 0.999, 0.001, 0.001, 0.999, 0.001, 0.001)": 280, "(0.999, 0.999, 0.001, 0.999, 0.999, 0.001, 0.001, 0.999, 0.001, 0.001, 0.001, 0.001, 0.001, 0.999, 0.999, 0.999)": 1, "(0.999, 0.001, 0.999, 0.999, 0.001, 0.999, 0.001, 0.001, 0.001, 0.999, 0.999, 0.001, 0.999, 0.001, 0.001, 0.999)": 4, "(0.001, 0.001, 0.001, 0.001, 0.001, 0.999, 0.999, 0.001, 0.001, 0.999, 0.999, 0.001, 0.001, 0.001, 0.001, 0.999)": 42, "(0.001, 0.001, 0.001, 0.999, 0.999, 0.001, 0.001, 0.001, 0.999, 0.001, 0.999, 0.999, 0.001, 0.999, 0.999, 0.999)": 5, "(0.001, 0.999, 0.001, 0.999, 0.001, 0.001, 0.001, 0.001, 0.001, 0.999, 0.001, 0.999, 0.999, 0.001, 0.001, 0.001)": 23, "(0.001, 0.001, 0.001, 0.001, 0.999, 0.001, 0.999, 0.001, 0.999, 0.999, 0.001, 0.001, 0.999, 0.001, 0.001, 0.001)": 100, "(0.001, 0.999, 0.001, 0.001, 0.001, 0.999, 0.999, 0.001, 0.001, 0.999, 0.999, 0.999, 0.999, 0.001, 0.001, 0.001)": 1, "(0.999, 0.999, 0.001, 0.999, 0.001, 0.001, 0.999, 0.001, 0.001, 0.001, 0.001, 0.001, 0.999, 0.999, 0.001, 0.999)": 2, "(0.999, 0.001, 0.001, 0.001, 0.999, 0.001, 0.001, 0.999, 0.999, 0.999, 0.999, 0.001, 0.001, 0.001, 0.999, 0.999)": 2092, "(0.999, 0.001, 0.001, 0.001, 0.999, 0.001, 0.999, 0.999, 0.001, 0.001, 0.999, 0.999, 0.001, 0.001, 0.001, 0.001)": 1332, "(0.999, 0.001, 0.001, 0.999, 0.999, 0.001, 0.999, 0.999, 0.001, 0.001, 0.001, 0.001, 0.001, 0.999, 0.001, 0.001)": 58, "(0.001, 0.001, 0.001, 0.001, 0.001, 0.001, 0.001, 0.999, 0.999, 0.001, 0.999, 0.999, 0.001, 0.999, 0.999, 0.001)": 13, "(0.999, 0.001, 0.001, 0.001, 0.999, 0.999, 0.001, 0.001, 0.999, 0.001, 0.999, 0.999, 0.999, 0.999, 0.001, 0.001)": 70, "(0.999, 0.001, 0.999, 0.001, 0.999, 0.999, 0.999, 0.001, 0.001, 0.999, 0.001, 0.001, 0.999, 0.999, 0.001, 0.999)": 285, "(0.999, 0.001, 0.999, 0.001, 0.999, 0.999, 0.999, 0.001, 0.999, 0.001, 0.001, 0.001, 0.999, 0.999, 0.001, 0.999)": 3, "(0.999, 0.999, 0.001, 0.001, 0.999, 0.999, 0.999, 0.999, 0.001, 0.999, 0.001, 0.001, 0.999, 0.999, 0.001, 0.999)": 3, "(0.001, 0.001, 0.999, 0.999, 0.001, 0.999, 0.001, 0.999, 0.001, 0.999, 0.999, 0.001, 0.001, 0.999, 0.999, 0.001)": 2, "(0.001, 0.001, 0.001, 0.001, 0.999, 0.001, 0.001, 0.001, 0.999, 0.001, 0.001, 0.001, 0.001, 0.999, 0.001, 0.001)": 59, "(0.001, 0.001, 0.999, 0.001, 0.999, 0.001, 0.999, 0.001, 0.001, 0.999, 0.001, 0.001, 0.999, 0.001, 0.999, 0.001)": 9, "(0.001, 0.001, 0.999, 0.999, 0.999, 0.001, 0.999, 0.999, 0.001, 0.999, 0.001, 0.999, 0.001, 0.001, 0.001, 0.999)": 4, "(0.001, 0.001, 0.001, 0.999, 0.001, 0.999, 0.001, 0.999, 0.001, 0.999, 0.001, 0.999, 0.001, 0.001, 0.999, 0.001)": 42, "(0.001, 0.999, 0.001, 0.999, 0.001, 0.001, 0.999, 0.001, 0.001, 0.999, 0.999, 0.999, 0.999, 0.001, 0.999, 0.999)": 8, "(0.999, 0.001, 0.001, 0.001, 0.999, 0.999, 0.001, 0.001, 0.999, 0.001, 0.001, 0.999, 0.001, 0.999, 0.001, 0.999)": 16, "(0.999, 0.999, 0.999, 0.001, 0.999, 0.001, 0.999, 0.001, 0.001, 0.001, 0.001, 0.999, 0.999, 0.001, 0.001, 0.999)": 4, "(0.999, 0.001, 0.001, 0.999, 0.001, 0.999, 0.999, 0.999, 0.999, 0.001, 0.001, 0.999, 0.001, 0.999, 0.001, 0.001)": 20, "(0.001, 0.001, 0.001, 0.999, 0.001, 0.999, 0.999, 0.001, 0.001, 0.001, 0.999, 0.999, 0.001, 0.999, 0.999, 0.001)": 21, "(0.999, 0.001, 0.001, 0.001, 0.001, 0.999, 0.999, 0.001, 0.001, 0.999, 0.999, 0.001, 0.001, 0.001, 0.999, 0.999)": 41, "(0.001, 0.001, 0.999, 0.001, 0.999, 0.001, 0.999, 0.001, 0.999, 0.999, 0.999, 0.999, 0.999, 0.001, 0.001, 0.001)": 44, "(0.999, 0.001, 0.999, 0.999, 0.001, 0.001, 0.999, 0.001, 0.001, 0.001, 0.001, 0.999, 0.999, 0.999, 0.001, 0.999)": 4, "(0.001, 0.001, 0.001, 0.999, 0.001, 0.999, 0.001, 0.001, 0.999, 0.001, 0.001, 0.999, 0.999, 0.001, 0.001, 0.001)": 16, "(0.999, 0.001, 0.001, 0.001, 0.999, 0.999, 0.001, 0.001, 0.999, 0.001, 0.999, 0.001, 0.999, 0.999, 0.999, 0.999)": 79, "(0.999, 0.001, 0.001, 0.001, 0.999, 0.999, 0.999, 0.001, 0.001, 0.999, 0.001, 0.999, 0.999, 0.999, 0.999, 0.999)": 9, "(0.999, 0.001, 0.001, 0.001, 0.999, 0.001, 0.999, 0.999, 0.999, 0.001, 0.999, 0.001, 0.999, 0.999, 0.999, 0.999)": 359, "(0.999, 0.999, 0.001, 0.001, 0.999, 0.999, 0.999, 0.999, 0.999, 0.999, 0.999, 0.999, 0.999, 0.999, 0.001, 0.001)": 2, "(0.001, 0.001, 0.999, 0.999, 0.001, 0.001, 0.001, 0.001, 0.001, 0.999, 0.999, 0.001, 0.999, 0.999, 0.001, 0.999)": 81, "(0.999, 0.001, 0.999, 0.001, 0.001, 0.001, 0.001, 0.001, 0.001, 0.001, 0.001, 0.001, 0.001, 0.001, 0.999, 0.999)": 2, "(0.999, 0.001, 0.999, 0.001, 0.001, 0.999, 0.001, 0.999, 0.999, 0.999, 0.999, 0.999, 0.001, 0.001, 0.999, 0.001)": 7, "(0.001, 0.001, 0.001, 0.999, 0.999, 0.999, 0.001, 0.001, 0.001, 0.999, 0.999, 0.999, 0.001, 0.001, 0.999, 0.999)": 29, "(0.001, 0.001, 0.001, 0.999, 0.001, 0.999, 0.001, 0.001, 0.999, 0.999, 0.999, 0.001, 0.999, 0.001, 0.001, 0.999)": 17, "(0.999, 0.999, 0.001, 0.001, 0.999, 0.001, 0.001, 0.001, 0.001, 0.001, 0.999, 0.001, 0.001, 0.999, 0.001, 0.001)": 39, "(0.999, 0.999, 0.999, 0.001, 0.999, 0.001, 0.001, 0.001, 0.001, 0.999, 0.001, 0.001, 0.001, 0.999, 0.999, 0.999)": 3, "(0.999, 0.999, 0.999, 0.999, 0.001, 0.999, 0.001, 0.999, 0.999, 0.001, 0.001, 0.001, 0.001, 0.001, 0.999, 0.001)": 1, "(0.001, 0.001, 0.999, 0.999, 0.001, 0.001, 0.999, 0.999, 0.001, 0.999, 0.001, 0.001, 0.001, 0.001, 0.001, 0.001)": 3, "(0.999, 0.001, 0.001, 0.001, 0.999, 0.999, 0.001, 0.001, 0.999, 0.001, 0.001, 0.999, 0.999, 0.001, 0.001, 0.001)": 27, "(0.001, 0.999, 0.001, 0.001, 0.001, 0.001, 0.999, 0.001, 0.001, 0.001, 0.001, 0.001, 0.001, 0.999, 0.999, 0.999)": 1, "(0.999, 0.999, 0.001, 0.001, 0.001, 0.001, 0.999, 0.999, 0.001, 0.001, 0.001, 0.999, 0.001, 0.999, 0.999, 0.999)": 17, "(0.999, 0.999, 0.001, 0.001, 0.001, 0.999, 0.001, 0.001, 0.001, 0.001, 0.001, 0.999, 0.001, 0.001, 0.999, 0.999)": 33, "(0.001, 0.999, 0.001, 0.001, 0.001, 0.001, 0.001, 0.001, 0.999, 0.001, 0.999, 0.999, 0.001, 0.001, 0.999, 0.999)": 41, "(0.001, 0.001, 0.999, 0.001, 0.001, 0.001, 0.999, 0.001, 0.999, 0.999, 0.999, 0.999, 0.001, 0.999, 0.001, 0.001)": 23, "(0.001, 0.001, 0.999, 0.001, 0.999, 0.001, 0.999, 0.999, 0.999, 0.001, 0.999, 0.001, 0.001, 0.001, 0.001, 0.999)": 8, "(0.001, 0.001, 0.999, 0.999, 0.999, 0.001, 0.001, 0.001, 0.999, 0.999, 0.999, 0.999, 0.001, 0.001, 0.999, 0.999)": 5, "(0.001, 0.999, 0.999, 0.001, 0.001, 0.001, 0.001, 0.001, 0.001, 0.001, 0.001, 0.001, 0.999, 0.001, 0.999, 0.001)": 9, "(0.999, 0.001, 0.001, 0.001, 0.999, 0.001, 0.001, 0.999, 0.999, 0.999, 0.999, 0.001, 0.999, 0.999, 0.999, 0.999)": 1441, "(0.999, 0.999, 0.999, 0.001, 0.999, 0.001, 0.001, 0.999, 0.999, 0.999, 0.999, 0.999, 0.001, 0.999, 0.999, 0.001)": 45, "(0.001, 0.999, 0.999, 0.999, 0.001, 0.001, 0.001, 0.999, 0.999, 0.999, 0.001, 0.001, 0.999, 0.001, 0.001, 0.999)": 1, "(0.001, 0.001, 0.001, 0.001, 0.999, 0.999, 0.001, 0.001, 0.999, 0.001, 0.001, 0.001, 0.001, 0.001, 0.999, 0.999)": 254, "(0.001, 0.001, 0.001, 0.001, 0.999, 0.999, 0.001, 0.001, 0.001, 0.001, 0.999, 0.001, 0.001, 0.999, 0.999, 0.001)": 225, "(0.999, 0.001, 0.999, 0.001, 0.999, 0.999, 0.001, 0.001, 0.999, 0.001, 0.001, 0.001, 0.999, 0.999, 0.001, 0.001)": 14, "(0.999, 0.999, 0.999, 0.001, 0.999, 0.001, 0.001, 0.999, 0.999, 0.001, 0.999, 0.999, 0.999, 0.999, 0.001, 0.999)": 63, "(0.001, 0.001, 0.999, 0.001, 0.001, 0.999, 0.001, 0.001, 0.999, 0.999, 0.999, 0.001, 0.999, 0.001, 0.001, 0.001)": 2, "(0.001, 0.001, 0.999, 0.999, 0.001, 0.999, 0.001, 0.999, 0.999, 0.999, 0.999, 0.999, 0.999, 0.001, 0.999, 0.001)": 5, "(0.001, 0.001, 0.999, 0.001, 0.999, 0.001, 0.999, 0.001, 0.999, 0.001, 0.999, 0.001, 0.999, 0.999, 0.999, 0.001)": 32, "(0.999, 0.001, 0.999, 0.999, 0.999, 0.001, 0.999, 0.999, 0.999, 0.001, 0.001, 0.001, 0.001, 0.999, 0.999, 0.999)": 8, "(0.999, 0.001, 0.999, 0.999, 0.001, 0.999, 0.001, 0.999, 0.999, 0.999, 0.001, 0.001, 0.999, 0.999, 0.001, 0.001)": 3, "(0.001, 0.001, 0.001, 0.001, 0.001, 0.999, 0.001, 0.999, 0.999, 0.999, 0.999, 0.001, 0.001, 0.001, 0.999, 0.999)": 17, "(0.999, 0.999, 0.001, 0.001, 0.999, 0.001, 0.001, 0.001, 0.001, 0.001, 0.999, 0.001, 0.999, 0.001, 0.001, 0.001)": 27, "(0.001, 0.999, 0.001, 0.001, 0.999, 0.001, 0.999, 0.001, 0.001, 0.001, 0.001, 0.001, 0.999, 0.999, 0.999, 0.999)": 92, "(0.999, 0.001, 0.001, 0.999, 0.001, 0.001, 0.001, 0.999, 0.999, 0.999, 0.999, 0.001, 0.001, 0.999, 0.001, 0.001)": 28, "(0.999, 0.001, 0.001, 0.001, 0.001, 0.001, 0.001, 0.001, 0.999, 0.999, 0.001, 0.999, 0.999, 0.999, 0.001, 0.001)": 92, "(0.999, 0.999, 0.999, 0.001, 0.999, 0.001, 0.001, 0.001, 0.999, 0.001, 0.999, 0.999, 0.001, 0.001, 0.001, 0.999)": 2, "(0.001, 0.999, 0.001, 0.999, 0.999, 0.999, 0.999, 0.999, 0.999, 0.999, 0.999, 0.999, 0.999, 0.001, 0.999, 0.999)": 2, "(0.001, 0.999, 0.999, 0.001, 0.001, 0.001, 0.001, 0.001, 0.999, 0.001, 0.001, 0.999, 0.001, 0.001, 0.999, 0.999)": 4, "(0.999, 0.001, 0.001, 0.001, 0.999, 0.999, 0.001, 0.999, 0.999, 0.999, 0.999, 0.001, 0.001, 0.001, 0.999, 0.001)": 200, "(0.999, 0.001, 0.999, 0.001, 0.999, 0.001, 0.001, 0.999, 0.001, 0.001, 0.001, 0.001, 0.999, 0.001, 0.001, 0.001)": 425, "(0.999, 0.999, 0.001, 0.999, 0.999, 0.999, 0.999, 0.001, 0.999, 0.001, 0.999, 0.001, 0.001, 0.999, 0.999, 0.999)": 1, "(0.001, 0.999, 0.999, 0.001, 0.001, 0.999, 0.001, 0.999, 0.999, 0.001, 0.001, 0.999, 0.999, 0.999, 0.999, 0.001)": 4, "(0.999, 0.999, 0.001, 0.001, 0.001, 0.999, 0.001, 0.999, 0.001, 0.999, 0.999, 0.999, 0.999, 0.999, 0.999, 0.001)": 11, "(0.999, 0.999, 0.001, 0.999, 0.999, 0.001, 0.001, 0.001, 0.999, 0.001, 0.001, 0.999, 0.999, 0.001, 0.999, 0.001)": 1, "(0.001, 0.999, 0.001, 0.001, 0.001, 0.001, 0.001, 0.001, 0.999, 0.001, 0.001, 0.001, 0.999, 0.001, 0.001, 0.001)": 85, "(0.001, 0.999, 0.001, 0.001, 0.999, 0.001, 0.999, 0.001, 0.001, 0.001, 0.001, 0.001, 0.001, 0.999, 0.999, 0.999)": 26, "(0.001, 0.999, 0.001, 0.999, 0.999, 0.001, 0.999, 0.999, 0.001, 0.001, 0.001, 0.999, 0.001, 0.001, 0.999, 0.999)": 4, "(0.001, 0.001, 0.999, 0.001, 0.999, 0.001, 0.001, 0.999, 0.001, 0.999, 0.999, 0.999, 0.999, 0.001, 0.999, 0.001)": 2, "(0.999, 0.001, 0.999, 0.001, 0.001, 0.999, 0.001, 0.999, 0.001, 0.999, 0.001, 0.001, 0.001, 0.001, 0.001, 0.999)": 10, "(0.001, 0.999, 0.001, 0.001, 0.001, 0.001, 0.999, 0.999, 0.001, 0.999, 0.001, 0.999, 0.999, 0.999, 0.001, 0.999)": 15, "(0.001, 0.999, 0.001, 0.001, 0.999, 0.001, 0.001, 0.001, 0.001, 0.001, 0.001, 0.999, 0.001, 0.001, 0.999, 0.999)": 33, "(0.999, 0.001, 0.999, 0.001, 0.999, 0.999, 0.999, 0.001, 0.999, 0.001, 0.001, 0.001, 0.999, 0.001, 0.001, 0.999)": 2065, "(0.999, 0.001, 0.001, 0.999, 0.999, 0.999, 0.001, 0.001, 0.001, 0.001, 0.001, 0.999, 0.001, 0.999, 0.001, 0.999)": 101, "(0.001, 0.001, 0.001, 0.001, 0.999, 0.999, 0.999, 0.001, 0.999, 0.001, 0.999, 0.999, 0.999, 0.001, 0.001, 0.001)": 8, "(0.001, 0.001, 0.999, 0.999, 0.001, 0.001, 0.001, 0.001, 0.001, 0.999, 0.999, 0.999, 0.999, 0.999, 0.999, 0.001)": 1, "(0.999, 0.001, 0.001, 0.001, 0.001, 0.001, 0.999, 0.001, 0.001, 0.999, 0.001, 0.001, 0.001, 0.999, 0.001, 0.999)": 179, "(0.001, 0.001, 0.001, 0.001, 0.001, 0.001, 0.001, 0.001, 0.999, 0.999, 0.999, 0.999, 0.001, 0.999, 0.999, 0.999)": 49, "(0.999, 0.001, 0.999, 0.001, 0.001, 0.001, 0.999, 0.001, 0.001, 0.999, 0.001, 0.001, 0.001, 0.999, 0.999, 0.001)": 7, "(0.001, 0.001, 0.999, 0.999, 0.001, 0.001, 0.999, 0.999, 0.999, 0.999, 0.999, 0.001, 0.999, 0.999, 0.001, 0.999)": 4, "(0.001, 0.001, 0.999, 0.999, 0.999, 0.001, 0.001, 0.001, 0.001, 0.999, 0.999, 0.001, 0.999, 0.999, 0.001, 0.001)": 7, "(0.001, 0.001, 0.001, 0.001, 0.999, 0.001, 0.999, 0.001, 0.999, 0.999, 0.999, 0.999, 0.001, 0.999, 0.999, 0.001)": 361, "(0.001, 0.999, 0.001, 0.001, 0.999, 0.999, 0.001, 0.001, 0.001, 0.001, 0.001, 0.999, 0.999, 0.001, 0.001, 0.001)": 35, "(0.999, 0.001, 0.001, 0.001, 0.001, 0.001, 0.001, 0.999, 0.001, 0.001, 0.001, 0.001, 0.001, 0.999, 0.001, 0.999)": 284, "(0.999, 0.001, 0.999, 0.001, 0.001, 0.999, 0.999, 0.999, 0.001, 0.001, 0.999, 0.001, 0.001, 0.001, 0.999, 0.999)": 4, "(0.999, 0.001, 0.001, 0.999, 0.999, 0.999, 0.001, 0.999, 0.999, 0.001, 0.001, 0.999, 0.001, 0.001, 0.999, 0.001)": 30, "(0.001, 0.999, 0.001, 0.001, 0.001, 0.001, 0.001, 0.999, 0.001, 0.999, 0.001, 0.001, 0.999, 0.999, 0.999, 0.001)": 11, "(0.001, 0.999, 0.999, 0.001, 0.001, 0.001, 0.001, 0.001, 0.001, 0.999, 0.999, 0.001, 0.001, 0.999, 0.001, 0.001)": 2, "(0.001, 0.001, 0.001, 0.999, 0.999, 0.999, 0.001, 0.001, 0.001, 0.001, 0.999, 0.001, 0.999, 0.999, 0.001, 0.001)": 5, "(0.999, 0.001, 0.001, 0.001, 0.001, 0.999, 0.001, 0.001, 0.999, 0.999, 0.001, 0.999, 0.001, 0.999, 0.999, 0.001)": 657, "(0.001, 0.001, 0.001, 0.001, 0.999, 0.001, 0.999, 0.001, 0.999, 0.999, 0.999, 0.999, 0.999, 0.999, 0.999, 0.999)": 3, "(0.001, 0.001, 0.999, 0.001, 0.999, 0.999, 0.001, 0.001, 0.001, 0.999, 0.999, 0.999, 0.001, 0.001, 0.999, 0.001)": 1, "(0.999, 0.001, 0.001, 0.999, 0.999, 0.999, 0.001, 0.999, 0.001, 0.001, 0.001, 0.999, 0.001, 0.999, 0.999, 0.999)": 19, "(0.001, 0.001, 0.001, 0.001, 0.001, 0.001, 0.001, 0.999, 0.001, 0.999, 0.999, 0.001, 0.999, 0.001, 0.999, 0.001)": 18, "(0.001, 0.001, 0.999, 0.001, 0.999, 0.001, 0.001, 0.001, 0.999, 0.999, 0.999, 0.001, 0.001, 0.001, 0.999, 0.999)": 9, "(0.999, 0.001, 0.999, 0.001, 0.001, 0.001, 0.999, 0.999, 0.999, 0.001, 0.001, 0.001, 0.999, 0.001, 0.999, 0.999)": 34, "(0.999, 0.001, 0.999, 0.001, 0.999, 0.001, 0.999, 0.001, 0.001, 0.999, 0.001, 0.001, 0.999, 0.9