{"(0.001, 0.001, 0.001, 0.001, 0.001, 0.001, 0.001, 0.001, 0.001, 0.001, 0.001, 0.001, 0.001, 0.001, 0.001, 0.001)": 14, "(0.001, 0.001, 0.999, 0.999, 0.001, 0.001, 0.001, 0.001, 0.999, 0.001, 0.999, 0.999, 0.001, 0.001, 0.001, 0.999)": 6, "(0.999, 0.999, 0.999, 0.001, 0.001, 0.001, 0.001, 0.999, 0.999, 0.999, 0.999, 0.999, 0.999, 0.001, 0.999, 0.999)": 14, "(0.001, 0.001, 0.001, 0.999, 0.999, 0.999, 0.001, 0.999, 0.001, 0.001, 0.999, 0.999, 0.001, 0.999, 0.999, 0.001)": 2, "(0.999, 0.999, 0.001, 0.999, 0.999, 0.001, 0.001, 0.001, 0.001, 0.001, 0.999, 0.001, 0.999, 0.999, 0.001, 0.001)": 12, "(0.001, 0.999, 0.999, 0.999, 0.001, 0.001, 0.999, 0.001, 0.001, 0.001, 0.001, 0.001, 0.001, 0.001, 0.999, 0.001)": 14, "(0.001, 0.001, 0.001, 0.001, 0.001, 0.999, 0.001, 0.999, 0.001, 0.001, 0.999, 0.999, 0.999, 0.999, 0.001, 0.999)": 18, "(0.999, 0.999, 0.001, 0.001, 0.001, 0.001, 0.001, 0.001, 0.999, 0.999, 0.999, 0.001, 0.999, 0.001, 0.001, 0.001)": 45, "(0.999, 0.001, 0.999, 0.001, 0.999, 0.001, 0.001, 0.001, 0.999, 0.999, 0.001, 0.999, 0.999, 0.999, 0.999, 0.001)": 13, "(0.999, 0.999, 0.999, 0.001, 0.999, 0.999, 0.001, 0.999, 0.999, 0.999, 0.001, 0.999, 0.001, 0.999, 0.999, 0.001)": 4, "(0.001, 0.999, 0.001, 0.999, 0.001, 0.999, 0.001, 0.001, 0.999, 0.999, 0.999, 0.001, 0.999, 0.999, 0.999, 0.001)": 9, "(0.999, 0.001, 0.001, 0.001, 0.999, 0.001, 0.001, 0.001, 0.999, 0.001, 0.999, 0.001, 0.001, 0.999, 0.999, 0.999)": 230, "(0.001, 0.001, 0.999, 0.001, 0.999, 0.001, 0.001, 0.001, 0.999, 0.001, 0.999, 0.999, 0.001, 0.001, 0.001, 0.999)": 43, "(0.999, 0.999, 0.001, 0.999, 0.999, 0.001, 0.999, 0.999, 0.001, 0.999, 0.999, 0.999, 0.001, 0.001, 0.001, 0.999)": 1, "(0.001, 0.001, 0.001, 0.999, 0.001, 0.001, 0.001, 0.001, 0.999, 0.999, 0.999, 0.001, 0.999, 0.001, 0.001, 0.999)": 18, "(0.001, 0.999, 0.999, 0.001, 0.999, 0.001, 0.001, 0.999, 0.001, 0.001, 0.001, 0.999, 0.999, 0.999, 0.999, 0.999)": 1, "(0.001, 0.001, 0.999, 0.999, 0.001, 0.001, 0.001, 0.001, 0.001, 0.999, 0.001, 0.001, 0.999, 0.001, 0.999, 0.999)": 3, "(0.001, 0.001, 0.001, 0.001, 0.999, 0.001, 0.001, 0.001, 0.001, 0.001, 0.001, 0.999, 0.001, 0.001, 0.001, 0.999)": 55, "(0.999, 0.001, 0.999, 0.001, 0.001, 0.001, 0.999, 0.001, 0.999, 0.999, 0.999, 0.999, 0.999, 0.999, 0.001, 0.001)": 9, "(0.999, 0.999, 0.999, 0.999, 0.999, 0.999, 0.999, 0.001, 0.999, 0.999, 0.001, 0.001, 0.999, 0.999, 0.001, 0.999)": 8, "(0.999, 0.999, 0.001, 0.001, 0.001, 0.999, 0.001, 0.999, 0.001, 0.999, 0.999, 0.001, 0.001, 0.999, 0.999, 0.999)": 11, "(0.001, 0.999, 0.001, 0.999, 0.001, 0.999, 0.999, 0.001, 0.001, 0.999, 0.999, 0.001, 0.001, 0.001, 0.999, 0.001)": 6, "(0.999, 0.001, 0.999, 0.001, 0.001, 0.999, 0.001, 0.001, 0.999, 0.999, 0.999, 0.001, 0.999, 0.999, 0.001, 0.999)": 73, "(0.999, 0.001, 0.999, 0.001, 0.999, 0.001, 0.001, 0.001, 0.999, 0.999, 0.001, 0.001, 0.999, 0.001, 0.001, 0.999)": 29, "(0.999, 0.999, 0.001, 0.999, 0.999, 0.999, 0.999, 0.999, 0.999, 0.001, 0.001, 0.001, 0.999, 0.999, 0.001, 0.999)": 7, "(0.999, 0.999, 0.999, 0.999, 0.001, 0.001, 0.001, 0.001, 0.999, 0.001, 0.001, 0.001, 0.001, 0.999, 0.001, 0.001)": 11, "(0.999, 0.001, 0.999, 0.999, 0.001, 0.001, 0.001, 0.001, 0.999, 0.001, 0.999, 0.001, 0.999, 0.001, 0.999, 0.001)": 1, "(0.999, 0.999, 0.001, 0.001, 0.999, 0.001, 0.999, 0.999, 0.999, 0.999, 0.999, 0.001, 0.001, 0.999, 0.999, 0.999)": 5, "(0.001, 0.001, 0.999, 0.999, 0.999, 0.999, 0.999, 0.001, 0.999, 0.001, 0.999, 0.001, 0.001, 0.999, 0.999, 0.999)": 1, "(0.001, 0.999, 0.999, 0.001, 0.001, 0.001, 0.001, 0.999, 0.001, 0.001, 0.999, 0.001, 0.001, 0.999, 0.001, 0.999)": 2, "(0.001, 0.001, 0.999, 0.001, 0.999, 0.001, 0.001, 0.001, 0.999, 0.001, 0.001, 0.999, 0.001, 0.001, 0.001, 0.001)": 40, "(0.999, 0.999, 0.999, 0.999, 0.001, 0.001, 0.001, 0.001, 0.999, 0.999, 0.001, 0.999, 0.999, 0.001, 0.999, 0.999)": 9, "(0.999, 0.999, 0.001, 0.001, 0.999, 0.001, 0.999, 0.001, 0.999, 0.999, 0.999, 0.001, 0.001, 0.001, 0.001, 0.999)": 9, "(0.001, 0.999, 0.001, 0.001, 0.999, 0.999, 0.001, 0.001, 0.001, 0.001, 0.999, 0.999, 0.001, 0.001, 0.001, 0.999)": 6, "(0.999, 0.001, 0.001, 0.001, 0.001, 0.001, 0.001, 0.999, 0.001, 0.999, 0.999, 0.999, 0.001, 0.001, 0.999, 0.999)": 14, "(0.001, 0.999, 0.999, 0.999, 0.999, 0.001, 0.001, 0.001, 0.999, 0.001, 0.001, 0.999, 0.001, 0.001, 0.001, 0.001)": 26, "(0.001, 0.999, 0.999, 0.999, 0.001, 0.001, 0.001, 0.001, 0.999, 0.001, 0.999, 0.001, 0.001, 0.001, 0.001, 0.999)": 8, "(0.001, 0.001, 0.001, 0.001, 0.999, 0.001, 0.001, 0.999, 0.001, 0.999, 0.999, 0.001, 0.001, 0.001, 0.001, 0.999)": 19, "(0.001, 0.999, 0.999, 0.999, 0.001, 0.001, 0.001, 0.001, 0.999, 0.999, 0.001, 0.001, 0.999, 0.999, 0.001, 0.001)": 13, "(0.999, 0.001, 0.001, 0.001, 0.001, 0.001, 0.999, 0.001, 0.999, 0.001, 0.999, 0.001, 0.999, 0.999, 0.999, 0.999)": 7, "(0.999, 0.001, 0.999, 0.999, 0.999, 0.001, 0.999, 0.999, 0.999, 0.999, 0.001, 0.001, 0.999, 0.001, 0.001, 0.999)": 18, "(0.999, 0.001, 0.999, 0.999, 0.001, 0.999, 0.999, 0.999, 0.999, 0.001, 0.001, 0.999, 0.999, 0.001, 0.001, 0.999)": 2, "(0.001, 0.999, 0.001, 0.999, 0.001, 0.999, 0.001, 0.999, 0.999, 0.001, 0.999, 0.001, 0.999, 0.999, 0.999, 0.999)": 1, "(0.001, 0.001, 0.001, 0.999, 0.999, 0.001, 0.001, 0.001, 0.001, 0.999, 0.999, 0.001, 0.001, 0.999, 0.001, 0.999)": 14, "(0.999, 0.999, 0.001, 0.001, 0.001, 0.999, 0.001, 0.001, 0.001, 0.999, 0.001, 0.001, 0.999, 0.999, 0.999, 0.999)": 5, "(0.999, 0.999, 0.001, 0.001, 0.999, 0.001, 0.001, 0.001, 0.001, 0.999, 0.999, 0.999, 0.999, 0.001, 0.999, 0.999)": 186, "(0.999, 0.999, 0.001, 0.001, 0.001, 0.001, 0.999, 0.001, 0.001, 0.001, 0.999, 0.999, 0.999, 0.001, 0.001, 0.999)": 49, "(0.999, 0.999, 0.001, 0.999, 0.999, 0.001, 0.999, 0.001, 0.001, 0.001, 0.999, 0.001, 0.999, 0.999, 0.001, 0.001)": 2, "(0.001, 0.999, 0.001, 0.001, 0.001, 0.001, 0.999, 0.001, 0.999, 0.001, 0.001, 0.999, 0.999, 0.001, 0.999, 0.999)": 240, "(0.001, 0.001, 0.001, 0.999, 0.999, 0.001, 0.001, 0.001, 0.999, 0.001, 0.001, 0.999, 0.999, 0.999, 0.999, 0.999)": 10, "(0.999, 0.999, 0.999, 0.999, 0.001, 0.001, 0.001, 0.999, 0.001, 0.999, 0.999, 0.001, 0.001, 0.999, 0.001, 0.999)": 6, "(0.999, 0.999, 0.001, 0.001, 0.999, 0.001, 0.999, 0.999, 0.001, 0.001, 0.999, 0.999, 0.001, 0.999, 0.999, 0.999)": 2, "(0.001, 0.999, 0.999, 0.001, 0.001, 0.001, 0.999, 0.999, 0.999, 0.999, 0.001, 0.001, 0.001, 0.001, 0.999, 0.001)": 5, "(0.001, 0.001, 0.999, 0.999, 0.999, 0.001, 0.001, 0.001, 0.999, 0.999, 0.001, 0.001, 0.999, 0.999, 0.001, 0.001)": 18, "(0.001, 0.999, 0.999, 0.999, 0.001, 0.001, 0.001, 0.001, 0.001, 0.999, 0.999, 0.999, 0.999, 0.999, 0.001, 0.999)": 26, "(0.999, 0.001, 0.001, 0.999, 0.001, 0.001, 0.001, 0.001, 0.999, 0.999, 0.999, 0.999, 0.001, 0.999, 0.999, 0.999)": 969, "(0.999, 0.001, 0.001, 0.999, 0.001, 0.001, 0.001, 0.001, 0.999, 0.999, 0.001, 0.999, 0.001, 0.999, 0.999, 0.999)": 1105, "(0.999, 0.999, 0.999, 0.001, 0.999, 0.001, 0.001, 0.999, 0.001, 0.999, 0.001, 0.001, 0.001, 0.999, 0.999, 0.999)": 4, "(0.001, 0.001, 0.001, 0.001, 0.999, 0.999, 0.999, 0.999, 0.001, 0.999, 0.999, 0.999, 0.999, 0.001, 0.999, 0.001)": 2, "(0.001, 0.999, 0.001, 0.999, 0.999, 0.001, 0.001, 0.001, 0.999, 0.001, 0.999, 0.999, 0.001, 0.999, 0.001, 0.999)": 16, "(0.999, 0.001, 0.999, 0.999, 0.001, 0.001, 0.001, 0.001, 0.001, 0.999, 0.001, 0.999, 0.001, 0.999, 0.001, 0.999)": 5, "(0.001, 0.999, 0.001, 0.001, 0.001, 0.001, 0.999, 0.001, 0.999, 0.001, 0.999, 0.999, 0.001, 0.999, 0.001, 0.999)": 4, "(0.001, 0.999, 0.999, 0.999, 0.001, 0.001, 0.001, 0.999, 0.001, 0.001, 0.001, 0.001, 0.999, 0.999, 0.999, 0.001)": 6, "(0.001, 0.001, 0.001, 0.999, 0.001, 0.001, 0.001, 0.001, 0.999, 0.999, 0.999, 0.999, 0.001, 0.001, 0.001, 0.999)": 52, "(0.999, 0.001, 0.001, 0.001, 0.999, 0.001, 0.001, 0.999, 0.999, 0.999, 0.999, 0.999, 0.001, 0.999, 0.999, 0.999)": 24, "(0.001, 0.001, 0.001, 0.001, 0.001, 0.999, 0.001, 0.999, 0.001, 0.999, 0.999, 0.001, 0.001, 0.999, 0.001, 0.999)": 4, "(0.999, 0.001, 0.001, 0.999, 0.001, 0.001, 0.001, 0.001, 0.001, 0.001, 0.001, 0.999, 0.001, 0.001, 0.001, 0.999)": 12, "(0.999, 0.001, 0.999, 0.001, 0.999, 0.001, 0.001, 0.001, 0.999, 0.999, 0.001, 0.999, 0.999, 0.999, 0.001, 0.999)": 97, "(0.999, 0.999, 0.999, 0.001, 0.999, 0.001, 0.001, 0.999, 0.999, 0.001, 0.001, 0.999, 0.999, 0.001, 0.001, 0.999)": 200, "(0.999, 0.001, 0.999, 0.001, 0.001, 0.001, 0.001, 0.999, 0.999, 0.001, 0.999, 0.001, 0.999, 0.001, 0.001, 0.999)": 411, "(0.999, 0.001, 0.999, 0.001, 0.001, 0.001, 0.001, 0.999, 0.999, 0.999, 0.001, 0.999, 0.999, 0.001, 0.999, 0.001)": 1058, "(0.999, 0.001, 0.999, 0.999, 0.999, 0.001, 0.001, 0.999, 0.999, 0.999, 0.001, 0.001, 0.999, 0.999, 0.001, 0.001)": 5019, "(0.999, 0.999, 0.001, 0.001, 0.001, 0.001, 0.001, 0.999, 0.999, 0.999, 0.001, 0.001, 0.999, 0.001, 0.001, 0.999)": 33, "(0.001, 0.001, 0.001, 0.001, 0.001, 0.999, 0.001, 0.999, 0.001, 0.999, 0.999, 0.999, 0.999, 0.001, 0.999, 0.999)": 4, "(0.001, 0.001, 0.001, 0.001, 0.001, 0.001, 0.001, 0.001, 0.001, 0.999, 0.001, 0.999, 0.001, 0.001, 0.001, 0.001)": 69, "(0.999, 0.999, 0.999, 0.999, 0.001, 0.001, 0.999, 0.001, 0.999, 0.001, 0.999, 0.999, 0.999, 0.001, 0.001, 0.999)": 5, "(0.999, 0.001, 0.999, 0.001, 0.999, 0.001, 0.001, 0.001, 0.001, 0.001, 0.001, 0.999, 0.999, 0.001, 0.999, 0.999)": 9, "(0.999, 0.001, 0.001, 0.999, 0.999, 0.001, 0.001, 0.999, 0.001, 0.001, 0.001, 0.001, 0.999, 0.999, 0.999, 0.001)": 85, "(0.001, 0.999, 0.999, 0.999, 0.001, 0.001, 0.001, 0.001, 0.999, 0.001, 0.001, 0.001, 0.001, 0.999, 0.001, 0.999)": 3, "(0.999, 0.999, 0.999, 0.001, 0.001, 0.999, 0.001, 0.001, 0.001, 0.999, 0.999, 0.999, 0.999, 0.999, 0.999, 0.999)": 1, "(0.999, 0.001, 0.999, 0.001, 0.001, 0.001, 0.999, 0.999, 0.001, 0.999, 0.999, 0.001, 0.999, 0.999, 0.999, 0.999)": 1, "(0.999, 0.001, 0.001, 0.001, 0.001, 0.001, 0.999, 0.001, 0.999, 0.001, 0.999, 0.001, 0.999, 0.001, 0.999, 0.001)": 86, "(0.999, 0.001, 0.001, 0.001, 0.999, 0.999, 0.001, 0.001, 0.999, 0.999, 0.001, 0.999, 0.999, 0.001, 0.999, 0.999)": 29, "(0.999, 0.999, 0.001, 0.001, 0.001, 0.001, 0.999, 0.001, 0.999, 0.999, 0.001, 0.999, 0.001, 0.999, 0.001, 0.999)": 1, "(0.001, 0.999, 0.001, 0.999, 0.001, 0.001, 0.999, 0.999, 0.999, 0.999, 0.001, 0.999, 0.001, 0.999, 0.001, 0.001)": 1, "(0.999, 0.999, 0.001, 0.001, 0.001, 0.001, 0.001, 0.001, 0.001, 0.001, 0.999, 0.001, 0.999, 0.999, 0.999, 0.999)": 146, "(0.001, 0.999, 0.001, 0.001, 0.999, 0.001, 0.999, 0.001, 0.999, 0.001, 0.001, 0.999, 0.999, 0.999, 0.999, 0.999)": 12, "(0.001, 0.999, 0.001, 0.999, 0.999, 0.001, 0.999, 0.999, 0.001, 0.001, 0.001, 0.999, 0.999, 0.001, 0.999, 0.999)": 2, "(0.001, 0.001, 0.999, 0.999, 0.001, 0.999, 0.001, 0.999, 0.001, 0.999, 0.999, 0.999, 0.001, 0.001, 0.999, 0.001)": 1, "(0.999, 0.999, 0.999, 0.001, 0.001, 0.001, 0.001, 0.001, 0.999, 0.001, 0.001, 0.999, 0.001, 0.001, 0.999, 0.001)": 1, "(0.001, 0.001, 0.999, 0.999, 0.001, 0.001, 0.001, 0.999, 0.999, 0.999, 0.999, 0.999, 0.999, 0.999, 0.001, 0.001)": 19, "(0.001, 0.999, 0.001, 0.001, 0.001, 0.001, 0.001, 0.999, 0.001, 0.999, 0.999, 0.999, 0.999, 0.001, 0.001, 0.001)": 30, "(0.999, 0.999, 0.999, 0.999, 0.999, 0.001, 0.001, 0.001, 0.999, 0.001, 0.001, 0.999, 0.001, 0.999, 0.999, 0.999)": 56, "(0.001, 0.001, 0.999, 0.999, 0.999, 0.001, 0.001, 0.999, 0.999, 0.001, 0.001, 0.001, 0.001, 0.999, 0.001, 0.999)": 1, "(0.001, 0.001, 0.999, 0.999, 0.001, 0.001, 0.001, 0.999, 0.001, 0.001, 0.999, 0.001, 0.001, 0.999, 0.001, 0.999)": 53, "(0.001, 0.001, 0.999, 0.001, 0.001, 0.001, 0.001, 0.999, 0.999, 0.001, 0.999, 0.999, 0.999, 0.001, 0.001, 0.999)": 20, "(0.999, 0.001, 0.001, 0.001, 0.001, 0.001, 0.001, 0.999, 0.999, 0.999, 0.001, 0.999, 0.999, 0.001, 0.001, 0.999)": 51, "(0.999, 0.999, 0.001, 0.999, 0.001, 0.001, 0.999, 0.999, 0.999, 0.001, 0.001, 0.001, 0.999, 0.001, 0.001, 0.001)": 47, "(0.001, 0.001, 0.001, 0.001, 0.001, 0.001, 0.001, 0.999, 0.001, 0.001, 0.001, 0.999, 0.999, 0.999, 0.001, 0.001)": 15, "(0.001, 0.999, 0.001, 0.001, 0.001, 0.999, 0.001, 0.001, 0.999, 0.999, 0.999, 0.001, 0.001, 0.999, 0.999, 0.999)": 9, "(0.999, 0.001, 0.001, 0.999, 0.001, 0.001, 0.001, 0.001, 0.999, 0.001, 0.999, 0.999, 0.001, 0.999, 0.999, 0.001)": 59, "(0.999, 0.001, 0.001, 0.999, 0.001, 0.001, 0.001, 0.999, 0.999, 0.001, 0.001, 0.999, 0.001, 0.999, 0.999, 0.999)": 92, "(0.999, 0.999, 0.001, 0.001, 0.001, 0.001, 0.001, 0.001, 0.001, 0.999, 0.001, 0.999, 0.999, 0.001, 0.999, 0.999)": 42, "(0.999, 0.001, 0.999, 0.001, 0.999, 0.999, 0.999, 0.999, 0.999, 0.001, 0.001, 0.999, 0.001, 0.999, 0.001, 0.999)": 1, "(0.999, 0.999, 0.999, 0.001, 0.999, 0.999, 0.001, 0.001, 0.999, 0.999, 0.001, 0.001, 0.001, 0.999, 0.001, 0.001)": 5, "(0.999, 0.999, 0.001, 0.001, 0.001, 0.999, 0.001, 0.999, 0.001, 0.999, 0.999, 0.999, 0.999, 0.001, 0.999, 0.001)": 3, "(0.001, 0.001, 0.999, 0.999, 0.999, 0.999, 0.001, 0.999, 0.001, 0.999, 0.999, 0.001, 0.999, 0.999, 0.999, 0.001)": 14, "(0.999, 0.001, 0.999, 0.999, 0.999, 0.001, 0.001, 0.999, 0.001, 0.001, 0.001, 0.001, 0.001, 0.999, 0.001, 0.001)": 6, "(0.999, 0.999, 0.999, 0.999, 0.001, 0.001, 0.001, 0.001, 0.999, 0.999, 0.999, 0.999, 0.001, 0.001, 0.001, 0.999)": 4, "(0.001, 0.001, 0.999, 0.999, 0.999, 0.001, 0.999, 0.001, 0.999, 0.001, 0.999, 0.999, 0.999, 0.999, 0.999, 0.999)": 3, "(0.999, 0.001, 0.999, 0.001, 0.001, 0.999, 0.001, 0.999, 0.999, 0.999, 0.999, 0.999, 0.999, 0.001, 0.001, 0.999)": 10, "(0.001, 0.001, 0.999, 0.999, 0.001, 0.001, 0.001, 0.999, 0.001, 0.999, 0.999, 0.999, 0.001, 0.999, 0.001, 0.999)": 9, "(0.001, 0.001, 0.001, 0.001, 0.001, 0.999, 0.001, 0.999, 0.001, 0.001, 0.001, 0.001, 0.001, 0.999, 0.001, 0.999)": 9, "(0.999, 0.999, 0.001, 0.001, 0.001, 0.001, 0.001, 0.001, 0.001, 0.001, 0.001, 0.001, 0.999, 0.999, 0.001, 0.999)": 195, "(0.999, 0.999, 0.001, 0.999, 0.999, 0.001, 0.999, 0.001, 0.001, 0.001, 0.999, 0.001, 0.999, 0.001, 0.001, 0.001)": 5, "(0.999, 0.001, 0.001, 0.999, 0.999, 0.999, 0.001, 0.999, 0.001, 0.001, 0.999, 0.001, 0.999, 0.999, 0.999, 0.001)": 4, "(0.001, 0.001, 0.999, 0.999, 0.999, 0.001, 0.001, 0.001, 0.999, 0.999, 0.001, 0.999, 0.999, 0.999, 0.001, 0.999)": 34, "(0.999, 0.999, 0.001, 0.001, 0.001, 0.001, 0.001, 0.999, 0.001, 0.001, 0.001, 0.999, 0.001, 0.001, 0.999, 0.999)": 7, "(0.999, 0.999, 0.001, 0.999, 0.001, 0.001, 0.001, 0.001, 0.001, 0.001, 0.999, 0.999, 0.999, 0.999, 0.001, 0.001)": 66, "(0.999, 0.999, 0.001, 0.999, 0.001, 0.001, 0.999, 0.001, 0.999, 0.999, 0.999, 0.999, 0.999, 0.001, 0.999, 0.999)": 3, "(0.001, 0.999, 0.001, 0.999, 0.001, 0.999, 0.999, 0.999, 0.999, 0.001, 0.999, 0.001, 0.999, 0.999, 0.001, 0.999)": 3, "(0.001, 0.001, 0.999, 0.001, 0.999, 0.001, 0.001, 0.001, 0.999, 0.999, 0.001, 0.001, 0.999, 0.001, 0.001, 0.001)": 3, "(0.001, 0.999, 0.001, 0.999, 0.999, 0.001, 0.999, 0.001, 0.999, 0.001, 0.999, 0.999, 0.001, 0.001, 0.001, 0.001)": 32, "(0.999, 0.001, 0.999, 0.001, 0.999, 0.999, 0.001, 0.999, 0.001, 0.999, 0.001, 0.999, 0.999, 0.001, 0.999, 0.999)": 1, "(0.001, 0.999, 0.001, 0.001, 0.001, 0.999, 0.001, 0.999, 0.999, 0.001, 0.001, 0.001, 0.001, 0.999, 0.999, 0.001)": 6, "(0.999, 0.999, 0.999, 0.001, 0.001, 0.001, 0.999, 0.001, 0.001, 0.999, 0.001, 0.999, 0.001, 0.999, 0.001, 0.001)": 9, "(0.001, 0.001, 0.001, 0.999, 0.999, 0.999, 0.001, 0.001, 0.001, 0.999, 0.999, 0.001, 0.999, 0.999, 0.999, 0.999)": 15, "(0.001, 0.001, 0.001, 0.001, 0.999, 0.001, 0.999, 0.001, 0.001, 0.999, 0.999, 0.001, 0.001, 0.999, 0.999, 0.999)": 46, "(0.999, 0.999, 0.999, 0.999, 0.999, 0.999, 0.001, 0.001, 0.999, 0.001, 0.999, 0.001, 0.999, 0.999, 0.999, 0.999)": 7, "(0.999, 0.999, 0.999, 0.999, 0.001, 0.001, 0.001, 0.999, 0.001, 0.999, 0.999, 0.999, 0.001, 0.001, 0.999, 0.999)": 1, "(0.999, 0.999, 0.001, 0.001, 0.999, 0.001, 0.001, 0.999, 0.001, 0.999, 0.999, 0.001, 0.001, 0.999, 0.999, 0.999)": 3, "(0.001, 0.999, 0.999, 0.001, 0.001, 0.001, 0.001, 0.999, 0.001, 0.001, 0.999, 0.001, 0.999, 0.999, 0.001, 0.001)": 20, "(0.999, 0.001, 0.999, 0.001, 0.001, 0.001, 0.001, 0.001, 0.001, 0.001, 0.001, 0.999, 0.001, 0.999, 0.999, 0.999)": 8, "(0.999, 0.001, 0.001, 0.999, 0.001, 0.999, 0.999, 0.999, 0.999, 0.999, 0.001, 0.001, 0.001, 0.999, 0.999, 0.001)": 1, "(0.001, 0.001, 0.999, 0.001, 0.001, 0.999, 0.999, 0.001, 0.001, 0.001, 0.999, 0.999, 0.999, 0.999, 0.001, 0.999)": 2, "(0.999, 0.001, 0.999, 0.001, 0.001, 0.999, 0.001, 0.001, 0.001, 0.999, 0.001, 0.999, 0.999, 0.999, 0.001, 0.999)": 4, "(0.999, 0.999, 0.001, 0.001, 0.999, 0.001, 0.001, 0.001, 0.999, 0.001, 0.001, 0.999, 0.999, 0.999, 0.001, 0.999)": 20, "(0.999, 0.999, 0.001, 0.001, 0.001, 0.001, 0.001, 0.999, 0.999, 0.999, 0.999, 0.999, 0.001, 0.999, 0.001, 0.999)": 15, "(0.001, 0.001, 0.001, 0.999, 0.999, 0.001, 0.001, 0.001, 0.001, 0.999, 0.999, 0.001, 0.999, 0.999, 0.001, 0.001)": 138, "(0.001, 0.999, 0.999, 0.999, 0.999, 0.001, 0.999, 0.001, 0.001, 0.001, 0.999, 0.001, 0.001, 0.999, 0.001, 0.999)": 1, "(0.001, 0.999, 0.999, 0.001, 0.001, 0.001, 0.001, 0.999, 0.001, 0.001, 0.999, 0.999, 0.999, 0.001, 0.999, 0.001)": 3, "(0.999, 0.001, 0.999, 0.001, 0.001, 0.999, 0.999, 0.001, 0.999, 0.001, 0.999, 0.999, 0.999, 0.999, 0.999, 0.001)": 1, "(0.999, 0.001, 0.001, 0.001, 0.999, 0.001, 0.001, 0.999, 0.999, 0.999, 0.001, 0.001, 0.001, 0.999, 0.999, 0.001)": 34, "(0.999, 0.001, 0.999, 0.001, 0.001, 0.001, 0.001, 0.999, 0.001, 0.001, 0.999, 0.001, 0.001, 0.999, 0.001, 0.001)": 8, "(0.999, 0.001, 0.001, 0.999, 0.001, 0.999, 0.001, 0.001, 0.001, 0.001, 0.999, 0.999, 0.001, 0.001, 0.001, 0.001)": 12, "(0.999, 0.999, 0.999, 0.999, 0.001, 0.001, 0.999, 0.001, 0.001, 0.999, 0.999, 0.001, 0.001, 0.999, 0.001, 0.999)": 3, "(0.999, 0.999, 0.001, 0.001, 0.001, 0.001, 0.999, 0.001, 0.001, 0.999, 0.999, 0.001, 0.999, 0.999, 0.999, 0.999)": 3, "(0.001, 0.999, 0.001, 0.001, 0.001, 0.001, 0.999, 0.001, 0.999, 0.001, 0.999, 0.999, 0.001, 0.999, 0.999, 0.999)": 40, "(0.999, 0.999, 0.999, 0.999, 0.999, 0.001, 0.001, 0.001, 0.999, 0.001, 0.999, 0.999, 0.001, 0.999, 0.999, 0.999)": 7, "(0.001, 0.999, 0.999, 0.001, 0.001, 0.999, 0.001, 0.999, 0.001, 0.001, 0.999, 0.001, 0.001, 0.999, 0.999, 0.001)": 3, "(0.001, 0.001, 0.001, 0.001, 0.001, 0.999, 0.001, 0.001, 0.999, 0.001, 0.001, 0.999, 0.999, 0.001, 0.001, 0.999)": 19, "(0.999, 0.999, 0.999, 0.001, 0.001, 0.001, 0.001, 0.999, 0.001, 0.001, 0.001, 0.999, 0.999, 0.999, 0.001, 0.999)": 12, "(0.001, 0.999, 0.001, 0.001, 0.001, 0.001, 0.999, 0.999, 0.999, 0.001, 0.001, 0.001, 0.999, 0.001, 0.001, 0.001)": 9, "(0.001, 0.001, 0.999, 0.999, 0.001, 0.999, 0.001, 0.001, 0.001, 0.999, 0.001, 0.001, 0.001, 0.999, 0.001, 0.001)": 6, "(0.001, 0.999, 0.001, 0.001, 0.999, 0.001, 0.001, 0.001, 0.001, 0.001, 0.999, 0.001, 0.999, 0.999, 0.001, 0.001)": 45, "(0.999, 0.999, 0.001, 0.999, 0.001, 0.001, 0.001, 0.001, 0.999, 0.001, 0.999, 0.001, 0.999, 0.001, 0.999, 0.999)": 2529, "(0.001, 0.999, 0.001, 0.001, 0.001, 0.001, 0.001, 0.001, 0.001, 0.001, 0.001, 0.999, 0.001, 0.999, 0.999, 0.999)": 150, "(0.001, 0.001, 0.999, 0.001, 0.001, 0.999, 0.001, 0.999, 0.999, 0.999, 0.001, 0.999, 0.999, 0.999, 0.001, 0.999)": 8, "(0.001, 0.999, 0.001, 0.999, 0.999, 0.001, 0.001, 0.001, 0.001, 0.999, 0.001, 0.001, 0.001, 0.001, 0.999, 0.001)": 72, "(0.001, 0.001, 0.999, 0.001, 0.999, 0.001, 0.999, 0.001, 0.999, 0.999, 0.001, 0.999, 0.999, 0.999, 0.001, 0.999)": 24, "(0.999, 0.001, 0.999, 0.001, 0.999, 0.999, 0.999, 0.999, 0.001, 0.999, 0.999, 0.001, 0.001, 0.999, 0.999, 0.999)": 4, "(0.999, 0.999, 0.999, 0.001, 0.001, 0.999, 0.001, 0.999, 0.999, 0.999, 0.999, 0.001, 0.999, 0.999, 0.001, 0.001)": 2, "(0.001, 0.999, 0.001, 0.999, 0.001, 0.999, 0.001, 0.999, 0.001, 0.999, 0.999, 0.999, 0.999, 0.001, 0.001, 0.001)": 1, "(0.001, 0.999, 0.001, 0.999, 0.001, 0.999, 0.001, 0.001, 0.999, 0.999, 0.999, 0.999, 0.999, 0.999, 0.999, 0.999)": 7, "(0.001, 0.001, 0.001, 0.001, 0.001, 0.999, 0.001, 0.001, 0.999, 0.999, 0.999, 0.999, 0.001, 0.999, 0.999, 0.001)": 32, "(0.001, 0.001, 0.999, 0.999, 0.999, 0.001, 0.001, 0.001, 0.001, 0.001, 0.001, 0.999, 0.999, 0.999, 0.001, 0.001)": 63, "(0.999, 0.999, 0.001, 0.999, 0.999, 0.001, 0.999, 0.001, 0.001, 0.001, 0.001, 0.999, 0.001, 0.001, 0.999, 0.001)": 17, "(0.999, 0.999, 0.001, 0.999, 0.999, 0.999, 0.001, 0.001, 0.999, 0.001, 0.001, 0.999, 0.999, 0.999, 0.001, 0.999)": 2, "(0.001, 0.001, 0.001, 0.001, 0.001, 0.001, 0.999, 0.999, 0.001, 0.001, 0.999, 0.001, 0.999, 0.001, 0.999, 0.999)": 6, "(0.999, 0.001, 0.999, 0.001, 0.001, 0.001, 0.001, 0.001, 0.999, 0.001, 0.001, 0.001, 0.999, 0.999, 0.001, 0.001)": 12, "(0.001, 0.999, 0.001, 0.001, 0.001, 0.001, 0.999, 0.001, 0.001, 0.999, 0.001, 0.001, 0.999, 0.999, 0.999, 0.999)": 4, "(0.001, 0.999, 0.999, 0.999, 0.001, 0.001, 0.001, 0.999, 0.999, 0.999, 0.001, 0.999, 0.001, 0.999, 0.999, 0.999)": 2, "(0.999, 0.001, 0.001, 0.999, 0.001, 0.999, 0.999, 0.999, 0.001, 0.001, 0.999, 0.999, 0.999, 0.999, 0.999, 0.999)": 6, "(0.001, 0.999, 0.001, 0.999, 0.001, 0.001, 0.999, 0.999, 0.001, 0.999, 0.999, 0.001, 0.999, 0.001, 0.999, 0.001)": 8, "(0.999, 0.001, 0.001, 0.999, 0.999, 0.999, 0.001, 0.001, 0.001, 0.001, 0.999, 0.001, 0.001, 0.999, 0.999, 0.001)": 14, "(0.999, 0.001, 0.001, 0.999, 0.999, 0.001, 0.001, 0.001, 0.999, 0.999, 0.999, 0.001, 0.001, 0.999, 0.999, 0.999)": 13, "(0.999, 0.001, 0.001, 0.001, 0.001, 0.999, 0.001, 0.001, 0.999, 0.999, 0.001, 0.999, 0.001, 0.999, 0.001, 0.999)": 112, "(0.001, 0.999, 0.999, 0.001, 0.999, 0.001, 0.001, 0.001, 0.001, 0.999, 0.999, 0.999, 0.999, 0.001, 0.001, 0.001)": 55, "(0.001, 0.001, 0.001, 0.999, 0.999, 0.001, 0.999, 0.001, 0.001, 0.999, 0.999, 0.001, 0.999, 0.001, 0.999, 0.999)": 7, "(0.001, 0.999, 0.999, 0.999, 0.001, 0.999, 0.001, 0.001, 0.001, 0.001, 0.001, 0.001, 0.999, 0.999, 0.999, 0.999)": 1, "(0.999, 0.001, 0.999, 0.999, 0.001, 0.001, 0.001, 0.001, 0.001, 0.001, 0.999, 0.999, 0.999, 0.999, 0.001, 0.999)": 41, "(0.001, 0.999, 0.001, 0.001, 0.999, 0.001, 0.001, 0.999, 0.001, 0.999, 0.999, 0.001, 0.001, 0.999, 0.001, 0.999)": 3, "(0.001, 0.001, 0.001, 0.001, 0.999, 0.001, 0.999, 0.999, 0.999, 0.001, 0.999, 0.999, 0.001, 0.001, 0.999, 0.001)": 1, "(0.001, 0.001, 0.999, 0.001, 0.001, 0.999, 0.001, 0.001, 0.001, 0.999, 0.999, 0.999, 0.999, 0.999, 0.999, 0.001)": 15, "(0.001, 0.001, 0.001, 0.999, 0.001, 0.999, 0.999, 0.999, 0.999, 0.001, 0.999, 0.001, 0.001, 0.999, 0.999, 0.999)": 4, "(0.001, 0.001, 0.001, 0.001, 0.001, 0.999, 0.001, 0.001, 0.999, 0.999, 0.001, 0.001, 0.999, 0.001, 0.001, 0.001)": 13, "(0.001, 0.001, 0.001, 0.001, 0.999, 0.001, 0.001, 0.001, 0.001, 0.001, 0.001, 0.001, 0.999, 0.999, 0.999, 0.999)": 354, "(0.001, 0.999, 0.001, 0.001, 0.999, 0.001, 0.999, 0.001, 0.001, 0.999, 0.001, 0.999, 0.001, 0.001, 0.999, 0.001)": 3, "(0.001, 0.999, 0.001, 0.999, 0.999, 0.001, 0.999, 0.999, 0.999, 0.001, 0.001, 0.999, 0.999, 0.001, 0.999, 0.001)": 5, "(0.001, 0.999, 0.001, 0.999, 0.999, 0.001, 0.001, 0.001, 0.999, 0.001, 0.999, 0.001, 0.001, 0.001, 0.999, 0.001)": 34, "(0.999, 0.001, 0.999, 0.999, 0.001, 0.001, 0.001, 0.001, 0.001, 0.999, 0.001, 0.001, 0.001, 0.999, 0.001, 0.999)": 3, "(0.999, 0.001, 0.999, 0.001, 0.001, 0.001, 0.001, 0.001, 0.999, 0.001, 0.001, 0.999, 0.999, 0.999, 0.001, 0.999)": 120, "(0.999, 0.999, 0.999, 0.999, 0.001, 0.001, 0.001, 0.001, 0.999, 0.001, 0.001, 0.999, 0.999, 0.999, 0.999, 0.001)": 20, "(0.999, 0.999, 0.999, 0.999, 0.001, 0.001, 0.999, 0.999, 0.999, 0.999, 0.999, 0.999, 0.001, 0.999, 0.001, 0.999)": 23, "(0.001, 0.999, 0.001, 0.999, 0.999, 0.001, 0.001, 0.001, 0.001, 0.999, 0.999, 0.001, 0.999, 0.001, 0.999, 0.001)": 39, "(0.001, 0.001, 0.001, 0.001, 0.001, 0.999, 0.001, 0.001, 0.999, 0.999, 0.999, 0.001, 0.999, 0.999, 0.999, 0.999)": 47, "(0.001, 0.001, 0.001, 0.999, 0.999, 0.001, 0.001, 0.001, 0.999, 0.999, 0.999, 0.001, 0.999, 0.001, 0.001, 0.001)": 105, "(0.999, 0.001, 0.999, 0.999, 0.001, 0.001, 0.001, 0.001, 0.999, 0.001, 0.001, 0.001, 0.999, 0.999, 0.999, 0.999)": 1234, "(0.001, 0.999, 0.999, 0.999, 0.001, 0.999, 0.001, 0.001, 0.999, 0.999, 0.001, 0.001, 0.999, 0.999, 0.001, 0.999)": 6, "(0.999, 0.999, 0.999, 0.001, 0.999, 0.001, 0.001, 0.001, 0.999, 0.001, 0.001, 0.001, 0.999, 0.001, 0.999, 0.999)": 1, "(0.001, 0.999, 0.999, 0.001, 0.001, 0.001, 0.001, 0.999, 0.999, 0.001, 0.001, 0.999, 0.001, 0.999, 0.001, 0.999)": 4, "(0.999, 0.001, 0.001, 0.999, 0.999, 0.001, 0.001, 0.001, 0.999, 0.999, 0.999, 0.001, 0.999, 0.999, 0.999, 0.001)": 23, "(0.999, 0.999, 0.999, 0.001, 0.999, 0.001, 0.999, 0.001, 0.001, 0.001, 0.999, 0.001, 0.999, 0.999, 0.001, 0.999)": 5, "(0.001, 0.999, 0.999, 0.001, 0.001, 0.001, 0.001, 0.999, 0.001, 0.001, 0.001, 0.001, 0.001, 0.999, 0.999, 0.001)": 5, "(0.999, 0.999, 0.001, 0.999, 0.001, 0.001, 0.999, 0.001, 0.001, 0.999, 0.001, 0.999, 0.001, 0.999, 0.999, 0.999)": 10, "(0.999, 0.999, 0.999, 0.001, 0.001, 0.001, 0.001, 0.999, 0.001, 0.999, 0.001, 0.999, 0.001, 0.999, 0.001, 0.999)": 3, "(0.001, 0.999, 0.001, 0.001, 0.001, 0.001, 0.001, 0.001, 0.001, 0.001, 0.001, 0.999, 0.001, 0.001, 0.001, 0.001)": 160, "(0.001, 0.001, 0.001, 0.999, 0.001, 0.001, 0.999, 0.001, 0.001, 0.001, 0.001, 0.999, 0.001, 0.999, 0.001, 0.999)": 4, "(0.001, 0.001, 0.001, 0.001, 0.001, 0.999, 0.001, 0.999, 0.999, 0.001, 0.999, 0.999, 0.999, 0.999, 0.999, 0.999)": 10, "(0.001, 0.999, 0.999, 0.999, 0.001, 0.001, 0.001, 0.001, 0.001, 0.999, 0.001, 0.999, 0.001, 0.001, 0.001, 0.001)": 79, "(0.999, 0.999, 0.001, 0.001, 0.001, 0.001, 0.001, 0.001, 0.001, 0.999, 0.999, 0.001, 0.001, 0.999, 0.001, 0.999)": 59, "(0.001, 0.001, 0.001, 0.001, 0.001, 0.001, 0.999, 0.001, 0.001, 0.999, 0.999, 0.001, 0.001, 0.001, 0.999, 0.001)": 16, "(0.001, 0.001, 0.001, 0.999, 0.001, 0.001, 0.999, 0.001, 0.001, 0.001, 0.999, 0.999, 0.001, 0.001, 0.001, 0.001)": 66, "(0.001, 0.001, 0.999, 0.999, 0.999, 0.001, 0.999, 0.999, 0.999, 0.001, 0.001, 0.999, 0.001, 0.001, 0.999, 0.999)": 1, "(0.999, 0.001, 0.001, 0.001, 0.001, 0.999, 0.999, 0.999, 0.999, 0.999, 0.999, 0.999, 0.999, 0.999, 0.001, 0.999)": 6, "(0.999, 0.001, 0.999, 0.001, 0.999, 0.001, 0.001, 0.999, 0.999, 0.001, 0.999, 0.001, 0.999, 0.999, 0.001, 0.999)": 1101, "(0.999, 0.999, 0.999, 0.999, 0.001, 0.001, 0.999, 0.999, 0.999, 0.999, 0.999, 0.001, 0.001, 0.999, 0.001, 0.999)": 2, "(0.001, 0.999, 0.001, 0.001, 0.001, 0.999, 0.001, 0.001, 0.999, 0.999, 0.999, 0.999, 0.001, 0.999, 0.999, 0.001)": 19, "(0.001, 0.999, 0.001, 0.001, 0.001, 0.001, 0.001, 0.001, 0.001, 0.001, 0.999, 0.001, 0.999, 0.001, 0.001, 0.999)": 49, "(0.001, 0.001, 0.999, 0.001, 0.999, 0.001, 0.999, 0.001, 0.001, 0.001, 0.999, 0.999, 0.001, 0.001, 0.999, 0.999)": 2, "(0.001, 0.001, 0.999, 0.999, 0.001, 0.999, 0.001, 0.001, 0.999, 0.999, 0.999, 0.001, 0.001, 0.999, 0.001, 0.999)": 8, "(0.999, 0.001, 0.999, 0.001, 0.001, 0.001, 0.001, 0.001, 0.999, 0.999, 0.001, 0.001, 0.999, 0.001, 0.999, 0.999)": 7, "(0.001, 0.999, 0.001, 0.001, 0.999, 0.001, 0.001, 0.999, 0.999, 0.001, 0.001, 0.001, 0.001, 0.999, 0.999, 0.999)": 1, "(0.999, 0.001, 0.999, 0.001, 0.001, 0.001, 0.999, 0.999, 0.001, 0.001, 0.999, 0.999, 0.001, 0.999, 0.999, 0.001)": 14, "(0.999, 0.001, 0.001, 0.999, 0.001, 0.001, 0.999, 0.999, 0.999, 0.001, 0.999, 0.001, 0.999, 0.999, 0.001, 0.999)": 4, "(0.001, 0.001, 0.999, 0.001, 0.001, 0.999, 0.001, 0.001, 0.001, 0.001, 0.001, 0.001, 0.999, 0.999, 0.001, 0.999)": 64, "(0.001, 0.999, 0.999, 0.001, 0.999, 0.001, 0.001, 0.001, 0.999, 0.001, 0.999, 0.001, 0.999, 0.999, 0.001, 0.999)": 9, "(0.001, 0.001, 0.999, 0.999, 0.999, 0.001, 0.001, 0.001, 0.999, 0.999, 0.999, 0.001, 0.001, 0.001, 0.999, 0.999)": 16, "(0.001, 0.001, 0.999, 0.001, 0.999, 0.999, 0.001, 0.999, 0.001, 0.999, 0.001, 0.999, 0.999, 0.999, 0.001, 0.999)": 3, "(0.999, 0.001, 0.999, 0.001, 0.001, 0.999, 0.001, 0.001, 0.001, 0.001, 0.001, 0.999, 0.001, 0.999, 0.001, 0.001)": 12, "(0.999, 0.999, 0.001, 0.001, 0.001, 0.001, 0.001, 0.001, 0.001, 0.001, 0.999, 0.999, 0.999, 0.001, 0.001, 0.999)": 154, "(0.001, 0.001, 0.999, 0.999, 0.999, 0.001, 0.999, 0.001, 0.001, 0.001, 0.999, 0.999, 0.001, 0.001, 0.001, 0.001)": 75, "(0.999, 0.001, 0.001, 0.001, 0.001, 0.999, 0.999, 0.999, 0.001, 0.999, 0.001, 0.001, 0.999, 0.999, 0.001, 0.001)": 1, "(0.001, 0.999, 0.999, 0.001, 0.001, 0.001, 0.999, 0.001, 0.999, 0.999, 0.999, 0.001, 0.999, 0.001, 0.001, 0.999)": 2, "(0.001, 0.999, 0.001, 0.001, 0.999, 0.001, 0.001, 0.999, 0.999, 0.001, 0.001, 0.001, 0.999, 0.999, 0.001, 0.999)": 1, "(0.001, 0.999, 0.001, 0.999, 0.999, 0.999, 0.001, 0.001, 0.999, 0.001, 0.999, 0.001, 0.999, 0.001, 0.999, 0.001)": 3, "(0.999, 0.001, 0.001, 0.999, 0.001, 0.999, 0.001, 0.999, 0.999, 0.001, 0.001, 0.999, 0.001, 0.999, 0.999, 0.001)": 4, "(0.999, 0.001, 0.001, 0.001, 0.001, 0.001, 0.001, 0.001, 0.001, 0.999, 0.001, 0.999, 0.001, 0.999, 0.001, 0.001)": 171, "(0.001, 0.001, 0.999, 0.001, 0.999, 0.001, 0.001, 0.001, 0.001, 0.999, 0.999, 0.001, 0.001, 0.999, 0.001, 0.001)": 32, "(0.999, 0.999, 0.999, 0.999, 0.999, 0.001, 0.999, 0.001, 0.999, 0.999, 0.999, 0.001, 0.001, 0.001, 0.999, 0.001)": 1, "(0.999, 0.001, 0.001, 0.001, 0.999, 0.001, 0.001, 0.999, 0.001, 0.001, 0.999, 0.001, 0.999, 0.999, 0.001, 0.999)": 622, "(0.001, 0.001, 0.999, 0.999, 0.999, 0.001, 0.001, 0.999, 0.999, 0.999, 0.001, 0.999, 0.999, 0.999, 0.001, 0.001)": 1, "(0.001, 0.001, 0.001, 0.001, 0.001, 0.001, 0.001, 0.001, 0.001, 0.001, 0.999, 0.999, 0.999, 0.999, 0.999, 0.001)": 5, "(0.999, 0.001, 0.001, 0.999, 0.001, 0.001, 0.001, 0.001, 0.001, 0.001, 0.001, 0.999, 0.999, 0.999, 0.001, 0.999)": 58, "(0.999, 0.999, 0.999, 0.001, 0.001, 0.001, 0.001, 0.999, 0.001, 0.999, 0.999, 0.001, 0.001, 0.999, 0.999, 0.999)": 1, "(0.001, 0.001, 0.999, 0.999, 0.999, 0.001, 0.999, 0.999, 0.999, 0.999, 0.001, 0.001, 0.001, 0.999, 0.999, 0.001)": 1, "(0.001, 0.999, 0.001, 0.999, 0.001, 0.001, 0.001, 0.999, 0.999, 0.001, 0.001, 0.999, 0.001, 0.001, 0.001, 0.001)": 15, "(0.999, 0.001, 0.999, 0.999, 0.999, 0.001, 0.999, 0.001, 0.001, 0.001, 0.001, 0.999, 0.999, 0.001, 0.999, 0.999)": 3, "(0.999, 0.999, 0.999, 0.001, 0.001, 0.001, 0.001, 0.001, 0.999, 0.999, 0.001, 0.999, 0.999, 0.999, 0.999, 0.999)": 1, "(0.999, 0.001, 0.999, 0.999, 0.001, 0.001, 0.999, 0.999, 0.001, 0.999, 0.001, 0.999, 0.999, 0.999, 0.999, 0.001)": 3, "(0.999, 0.001, 0.999, 0.001, 0.999, 0.999, 0.999, 0.001, 0.999, 0.001, 0.001, 0.999, 0.999, 0.999, 0.001, 0.001)": 36, "(0.999, 0.001, 0.999, 0.999, 0.999, 0.999, 0.999, 0.999, 0.999, 0.999, 0.001, 0.001, 0.999, 0.001, 0.001, 0.999)": 3, "(0.999, 0.999, 0.001, 0.999, 0.001, 0.001, 0.001, 0.001, 0.001, 0.001, 0.001, 0.999, 0.001, 0.001, 0.999, 0.999)": 12, "(0.001, 0.001, 0.001, 0.001, 0.001, 0.999, 0.001, 0.001, 0.001, 0.001, 0.999, 0.999, 0.999, 0.999, 0.999, 0.999)": 41, "(0.001, 0.001, 0.001, 0.001, 0.001, 0.001, 0.001, 0.999, 0.999, 0.999, 0.999, 0.999, 0.001, 0.999, 0.001, 0.001)": 5, "(0.001, 0.999, 0.999, 0.001, 0.999, 0.001, 0.001, 0.001, 0.001, 0.001, 0.001, 0.001, 0.001, 0.001, 0.001, 0.999)": 255, "(0.999, 0.999, 0.001, 0.001, 0.001, 0.001, 0.999, 0.001, 0.001, 0.001, 0.001, 0.001, 0.999, 0.999, 0.001, 0.001)": 2, "(0.001, 0.999, 0.999, 0.999, 0.001, 0.001, 0.001, 0.999, 0.999, 0.001, 0.001, 0.999, 0.001, 0.999, 0.999, 0.999)": 1, "(0.001, 0.999, 0.001, 0.001, 0.999, 0.001, 0.001, 0.999, 0.001, 0.999, 0.001, 0.001, 0.001, 0.001, 0.001, 0.999)": 7, "(0.001, 0.001, 0.001, 0.001, 0.001, 0.999, 0.001, 0.999, 0.999, 0.001, 0.999, 0.001, 0.999, 0.999, 0.999, 0.001)": 9, "(0.001, 0.001, 0.001, 0.001, 0.999, 0.001, 0.001, 0.001, 0.001, 0.999, 0.001, 0.999, 0.001, 0.001, 0.001, 0.001)": 44, "(0.001, 0.001, 0.001, 0.999, 0.999, 0.001, 0.001, 0.001, 0.001, 0.999, 0.999, 0.999, 0.999, 0.001, 0.001, 0.999)": 12, "(0.001, 0.999, 0.001, 0.001, 0.001, 0.001, 0.001, 0.999, 0.001, 0.999, 0.001, 0.001, 0.999, 0.999, 0.999, 0.999)": 2, "(0.001, 0.999, 0.001, 0.001, 0.001, 0.001, 0.999, 0.999, 0.001, 0.999, 0.999, 0.001, 0.999, 0.999, 0.999, 0.001)": 7, "(0.001, 0.999, 0.999, 0.999, 0.001, 0.001, 0.999, 0.001, 0.999, 0.999, 0.001, 0.001, 0.001, 0.001, 0.999, 0.999)": 3, "(0.001, 0.001, 0.001, 0.001, 0.001, 0.999, 0.001, 0.999, 0.001, 0.001, 0.001, 0.001, 0.999, 0.999, 0.999, 0.999)": 7, "(0.999, 0.999, 0.001, 0.001, 0.001, 0.001, 0.999, 0.001, 0.999, 0.001, 0.001, 0.001, 0.001, 0.999, 0.001, 0.001)": 4, "(0.001, 0.001, 0.001, 0.999, 0.999, 0.001, 0.001, 0.999, 0.001, 0.999, 0.999, 0.001, 0.999, 0.999, 0.999, 0.001)": 6, "(0.999, 0.999, 0.001, 0.001, 0.999, 0.001, 0.001, 0.001, 0.999, 0.999, 0.001, 0.999, 0.001, 0.999, 0.999, 0.999)": 4, "(0.999, 0.001, 0.999, 0.001, 0.001, 0.999, 0.001, 0.001, 0.999, 0.001, 0.999, 0.999, 0.001, 0.999, 0.001, 0.001)": 53, "(0.001, 0.001, 0.999, 0.999, 0.999, 0.001, 0.001, 0.001, 0.001, 0.001, 0.001, 0.001, 0.001, 0.001, 0.001, 0.001)": 6, "(0.999, 0.001, 0.001, 0.999, 0.999, 0.001, 0.999, 0.001, 0.001, 0.001, 0.999, 0.001, 0.001, 0.001, 0.999, 0.001)": 19, "(0.999, 0.001, 0.999, 0.001, 0.001, 0.999, 0.999, 0.001, 0.999, 0.999, 0.999, 0.999, 0.999, 0.999, 0.999, 0.999)": 16, "(0.001, 0.001, 0.001, 0.001, 0.001, 0.999, 0.001, 0.999, 0.001, 0.999, 0.001, 0.999, 0.999, 0.001, 0.001, 0.999)": 6, "(0.999, 0.001, 0.001, 0.999, 0.001, 0.001, 0.001, 0.001, 0.999, 0.001, 0.001, 0.999, 0.999, 0.001, 0.001, 0.999)": 1963, "(0.999, 0.001, 0.001, 0.001, 0.001, 0.001, 0.001, 0.001, 0.001, 0.999, 0.001, 0.001, 0.001, 0.999, 0.001, 0.999)": 197, "(0.001, 0.999, 0.001, 0.001, 0.999, 0.001, 0.999, 0.001, 0.999, 0.999, 0.001, 0.001, 0.001, 0.999, 0.001, 0.001)": 1, "(0.001, 0.001, 0.001, 0.001, 0.001, 0.001, 0.001, 0.999, 0.001, 0.999, 0.999, 0.001, 0.001, 0.999, 0.999, 0.999)": 4, "(0.999, 0.001, 0.999, 0.001, 0.001, 0.001, 0.999, 0.999, 0.999, 0.001, 0.999, 0.999, 0.999, 0.001, 0.999, 0.999)": 4, "(0.001, 0.001, 0.999, 0.001, 0.001, 0.001, 0.001, 0.999, 0.999, 0.999, 0.999, 0.001, 0.999, 0.001, 0.001, 0.999)": 2, "(0.999, 0.999, 0.999, 0.999, 0.001, 0.001, 0.001, 0.001, 0.001, 0.001, 0.999, 0.999, 0.999, 0.999, 0.001, 0.001)": 24, "(0.999, 0.001, 0.001, 0.999, 0.001, 0.001, 0.999, 0.001, 0.999, 0.001, 0.999, 0.999, 0.999, 0.001, 0.999, 0.999)": 37, "(0.999, 0.001, 0.001, 0.001, 0.999, 0.999, 0.999, 0.999, 0.999, 0.999, 0.001, 0.999, 0.999, 0.001, 0.001, 0.999)": 92, "(0.999, 0.001, 0.999, 0.999, 0.001, 0.999, 0.001, 0.001, 0.001, 0.999, 0.001, 0.001, 0.001, 0.001, 0.999, 0.001)": 6, "(0.999, 0.001, 0.999, 0.001, 0.001, 0.001, 0.001, 0.999, 0.001, 0.999, 0.999, 0.999, 0.999, 0.999, 0.001, 0.001)": 20, "(0.001, 0.999, 0.001, 0.999, 0.001, 0.001, 0.001, 0.001, 0.001, 0.999, 0.999, 0.001, 0.999, 0.999, 0.999, 0.999)": 18, "(0.999, 0.999, 0.001, 0.001, 0.001, 0.001, 0.001, 0.999, 0.999, 0.999, 0.999, 0.001, 0.999, 0.001, 0.999, 0.999)": 49, "(0.001, 0.001, 0.001, 0.001, 0.001, 0.001, 0.001, 0.999, 0.001, 0.999, 0.999, 0.999, 0.999, 0.001, 0.999, 0.001)": 19, "(0.001, 0.999, 0.001, 0.999, 0.001, 0.001, 0.001, 0.001, 0.001, 0.001, 0.999, 0.001, 0.001, 0.001, 0.001, 0.999)": 57, "(0.001, 0.999, 0.001, 0.001, 0.999, 0.001, 0.001, 0.999, 0.999, 0.999, 0.001, 0.999, 0.999, 0.001, 0.999, 0.999)": 17, "(0.999, 0.001, 0.001, 0.999, 0.001, 0.001, 0.001, 0.001, 0.999, 0.999, 0.001, 0.999, 0.999, 0.001, 0.001, 0.001)": 10, "(0.999, 0.999, 0.999, 0.999, 0.999, 0.001, 0.001, 0.001, 0.999, 0.999, 0.999, 0.001, 0.999, 0.999, 0.001, 0.999)": 1, "(0.999, 0.001, 0.001, 0.001, 0.001, 0.999, 0.001, 0.999, 0.999, 0.001, 0.999, 0.001, 0.001, 0.999, 0.001, 0.999)": 15, "(0.999, 0.001, 0.999, 0.001, 0.001, 0.001, 0.001, 0.001, 0.999, 0.999, 0.001, 0.001, 0.999, 0.001, 0.001, 0.999)": 26, "(0.999, 0.001, 0.001, 0.999, 0.999, 0.001, 0.001, 0.001, 0.999, 0.999, 0.999, 0.001, 0.001, 0.999, 0.001, 0.001)": 42, "(0.999, 0.001, 0.999, 0.999, 0.001, 0.001, 0.999, 0.001, 0.999, 0.001, 0.999, 0.001, 0.001, 0.999, 0.001, 0.999)": 17, "(0.001, 0.001, 0.999, 0.001, 0.001, 0.999, 0.001, 0.001, 0.999, 0.001, 0.999, 0.999, 0.999, 0.999, 0.999, 0.999)": 10, "(0.001, 0.001, 0.999, 0.999, 0.001, 0.999, 0.001, 0.001, 0.999, 0.001, 0.999, 0.001, 0.001, 0.999, 0.999, 0.999)": 10, "(0.001, 0.001, 0.001, 0.999, 0.999, 0.001, 0.001, 0.001, 0.999, 0.001, 0.001, 0.999, 0.999, 0.001, 0.001, 0.999)": 13, "(0.001, 0.001, 0.001, 0.001, 0.001, 0.001, 0.001, 0.999, 0.999, 0.999, 0.001, 0.001, 0.999, 0.999, 0.999, 0.999)": 5, "(0.999, 0.999, 0.001, 0.001, 0.001, 0.001, 0.001, 0.001, 0.999, 0.999, 0.999, 0.999, 0.001, 0.001, 0.999, 0.001)": 50, "(0.999, 0.001, 0.001, 0.001, 0.999, 0.001, 0.001, 0.001, 0.001, 0.001, 0.999, 0.999, 0.999, 0.999, 0.999, 0.001)": 36, "(0.001, 0.999, 0.001, 0.999, 0.001, 0.001, 0.001, 0.001, 0.001, 0.001, 0.001, 0.001, 0.999, 0.001, 0.001, 0.001)": 85, "(0.999, 0.001, 0.001, 0.999, 0.999, 0.001, 0.999, 0.001, 0.999, 0.999, 0.999, 0.999, 0.001, 0.999, 0.001, 0.999)": 3, "(0.999, 0.999, 0.001, 0.999, 0.999, 0.001, 0.999, 0.001, 0.999, 0.001, 0.001, 0.001, 0.999, 0.001, 0.999, 0.999)": 11, "(0.999, 0.999, 0.999, 0.999, 0.001, 0.999, 0.999, 0.999, 0.999, 0.001, 0.001, 0.001, 0.999, 0.999, 0.001, 0.999)": 4, "(0.001, 0.001, 0.001, 0.999, 0.999, 0.001, 0.001, 0.999, 0.001, 0.999, 0.001, 0.001, 0.001, 0.001, 0.001, 0.001)": 13, "(0.001, 0.001, 0.001, 0.999, 0.999, 0.001, 0.001, 0.001, 0.999, 0.999, 0.001, 0.999, 0.001, 0.999, 0.999, 0.999)": 20, "(0.001, 0.001, 0.001, 0.001, 0.001, 0.999, 0.999, 0.999, 0.999, 0.001, 0.999, 0.999, 0.001, 0.999, 0.999, 0.001)": 1, "(0.999, 0.001, 0.999, 0.999, 0.999, 0.001, 0.001, 0.999, 0.001, 0.001, 0.999, 0.001, 0.999, 0.001, 0.001, 0.001)": 339, "(0.001, 0.999, 0.999, 0.999, 0.001, 0.001, 0.001, 0.999, 0.999, 0.999, 0.001, 0.999, 0.999, 0.999, 0.001, 0.999)": 11, "(0.999, 0.001, 0.001, 0.001, 0.001, 0.001, 0.001, 0.001, 0.001, 0.001, 0.001, 0.001, 0.001, 0.001, 0.001, 0.999)": 496, "(0.001, 0.001, 0.001, 0.001, 0.999, 0.001, 0.001, 0.001, 0.999, 0.001, 0.999, 0.001, 0.999, 0.999, 0.999, 0.001)": 9, "(0.999, 0.001, 0.001, 0.001, 0.001, 0.999, 0.001, 0.001, 0.999, 0.999, 0.001, 0.999, 0.999, 0.999, 0.001, 0.999)": 72, "(0.999, 0.001, 0.001, 0.001, 0.001, 0.001, 0.001, 0.001, 0.999, 0.001, 0.001, 0.001, 0.999, 0.999, 0.001, 0.001)": 65, "(0.999, 0.999, 0.999, 0.001, 0.001, 0.001, 0.999, 0.001, 0.999, 0.999, 0.999, 0.001, 0.999, 0.999, 0.001, 0.999)": 1, "(0.001, 0.999, 0.001, 0.999, 0.001, 0.999, 0.001, 0.999, 0.999, 0.999, 0.999, 0.001, 0.999, 0.999, 0.999, 0.001)": 1, "(0.001, 0.999, 0.001, 0.999, 0.999, 0.001, 0.001, 0.001, 0.001, 0.999, 0.999, 0.001, 0.999, 0.999, 0.001, 0.999)": 4, "(0.999, 0.001, 0.001, 0.001, 0.001, 0.001, 0.001, 0.001, 0.001, 0.999, 0.999, 0.001, 0.999, 0.999, 0.999, 0.999)": 12, "(0.001, 0.001, 0.999, 0.001, 0.999, 0.999, 0.999, 0.001, 0.001, 0.999, 0.001, 0.999, 0.001, 0.999, 0.001, 0.999)": 1, "(0.999, 0.999, 0.999, 0.999, 0.001, 0.999, 0.999, 0.001, 0.001, 0.999, 0.001, 0.001, 0.999, 0.001, 0.001, 0.999)": 4, "(0.999, 0.001, 0.001, 0.001, 0.999, 0.001, 0.001, 0.999, 0.001, 0.999, 0.001, 0.001, 0.999, 0.999, 0.001, 0.999)": 35, "(0.001, 0.999, 0.001, 0.001, 0.999, 0.001, 0.001, 0.999, 0.999, 0.001, 0.001, 0.999, 0.999, 0.999, 0.999, 0.001)": 2, "(0.001, 0.001, 0.001, 0.001, 0.999, 0.001, 0.999, 0.999, 0.999, 0.001, 0.001, 0.999, 0.001, 0.001, 0.999, 0.999)": 7, "(0.999, 0.001, 0.001, 0.001, 0.999, 0.001, 0.001, 0.001, 0.999, 0.001, 0.001, 0.001, 0.001, 0.999, 0.001, 0.001)": 159, "(0.001, 0.999, 0.001, 0.999, 0.999, 0.001, 0.999, 0.001, 0.001, 0.001, 0.001, 0.999, 0.001, 0.999, 0.001, 0.999)": 1, "(0.001, 0.001, 0.001, 0.001, 0.001, 0.999, 0.999, 0.999, 0.001, 0.999, 0.001, 0.001, 0.999, 0.999, 0.999, 0.999)": 1, "(0.001, 0.999, 0.001, 0.001, 0.999, 0.999, 0.999, 0.001, 0.001, 0.999, 0.999, 0.001, 0.999, 0.001, 0.001, 0.001)": 1, "(0.001, 0.001, 0.999, 0.001, 0.001, 0.001, 0.001, 0.999, 0.001, 0.999, 0.999, 0.001, 0.001, 0.999, 0.001, 0.999)": 17, "(0.999, 0.999, 0.001, 0.999, 0.001, 0.999, 0.001, 0.001, 0.001, 0.999, 0.001, 0.999, 0.999, 0.001, 0.001, 0.001)": 8, "(0.001, 0.001, 0.999, 0.999, 0.999, 0.001, 0.001, 0.001, 0.999, 0.001, 0.999, 0.001, 0.999, 0.001, 0.001, 0.999)": 11, "(0.999, 0.999, 0.001, 0.001, 0.001, 0.999, 0.001, 0.001, 0.999, 0.999, 0.001, 0.001, 0.001, 0.001, 0.001, 0.999)": 11, "(0.999, 0.999, 0.001, 0.999, 0.001, 0.001, 0.001, 0.001, 0.001, 0.999, 0.999, 0.999, 0.999, 0.999, 0.001, 0.001)": 12, "(0.001, 0.999, 0.001, 0.999, 0.999, 0.001, 0.001, 0.001, 0.999, 0.999, 0.999, 0.001, 0.999, 0.999, 0.999, 0.999)": 1, "(0.001, 0.001, 0.001, 0.001, 0.001, 0.999, 0.001