{"(0.001, 0.001, 0.001, 0.001, 0.001, 0.001, 0.001, 0.001, 0.001, 0.001, 0.001, 0.001, 0.001, 0.001, 0.001, 0.001)": 88, "(0.001, 0.001, 0.001, 0.001, 0.999, 0.999, 0.999, 0.001, 0.001, 0.001, 0.999, 0.001, 0.001, 0.999, 0.001, 0.999)": 7, "(0.001, 0.001, 0.001, 0.999, 0.001, 0.001, 0.999, 0.999, 0.001, 0.001, 0.001, 0.999, 0.001, 0.001, 0.001, 0.999)": 3, "(0.001, 0.999, 0.999, 0.999, 0.001, 0.001, 0.001, 0.999, 0.999, 0.001, 0.001, 0.999, 0.999, 0.001, 0.001, 0.001)": 1, "(0.001, 0.999, 0.999, 0.001, 0.001, 0.999, 0.001, 0.001, 0.999, 0.999, 0.999, 0.001, 0.001, 0.999, 0.999, 0.001)": 1, "(0.999, 0.001, 0.001, 0.001, 0.001, 0.001, 0.001, 0.001, 0.999, 0.001, 0.999, 0.001, 0.999, 0.999, 0.001, 0.999)": 624, "(0.001, 0.999, 0.999, 0.001, 0.999, 0.001, 0.001, 0.001, 0.001, 0.001, 0.999, 0.001, 0.001, 0.999, 0.001, 0.999)": 2, "(0.999, 0.001, 0.001, 0.999, 0.001, 0.001, 0.999, 0.001, 0.001, 0.001, 0.999, 0.001, 0.999, 0.999, 0.001, 0.001)": 1, "(0.001, 0.001, 0.999, 0.001, 0.001, 0.999, 0.999, 0.999, 0.999, 0.001, 0.999, 0.001, 0.999, 0.001, 0.001, 0.001)": 1, "(0.001, 0.001, 0.001, 0.999, 0.001, 0.999, 0.999, 0.001, 0.999, 0.001, 0.001, 0.001, 0.001, 0.001, 0.999, 0.001)": 2, "(0.999, 0.999, 0.001, 0.001, 0.001, 0.001, 0.999, 0.001, 0.001, 0.001, 0.999, 0.999, 0.001, 0.999, 0.999, 0.001)": 139, "(0.999, 0.999, 0.001, 0.001, 0.999, 0.001, 0.999, 0.001, 0.001, 0.001, 0.999, 0.001, 0.001, 0.001, 0.999, 0.999)": 45, "(0.001, 0.001, 0.999, 0.001, 0.999, 0.999, 0.999, 0.999, 0.999, 0.001, 0.999, 0.001, 0.999, 0.001, 0.999, 0.999)": 1, "(0.999, 0.001, 0.999, 0.001, 0.001, 0.001, 0.999, 0.999, 0.001, 0.999, 0.999, 0.999, 0.001, 0.999, 0.001, 0.001)": 13, "(0.001, 0.999, 0.001, 0.999, 0.001, 0.999, 0.001, 0.001, 0.999, 0.999, 0.001, 0.001, 0.999, 0.999, 0.999, 0.999)": 13, "(0.999, 0.001, 0.001, 0.001, 0.001, 0.001, 0.999, 0.001, 0.001, 0.999, 0.999, 0.001, 0.001, 0.999, 0.001, 0.999)": 23, "(0.999, 0.999, 0.001, 0.999, 0.999, 0.999, 0.999, 0.999, 0.999, 0.001, 0.001, 0.001, 0.999, 0.001, 0.999, 0.001)": 9, "(0.001, 0.001, 0.001, 0.001, 0.999, 0.999, 0.001, 0.999, 0.999, 0.999, 0.001, 0.001, 0.999, 0.001, 0.999, 0.001)": 3, "(0.999, 0.001, 0.001, 0.001, 0.999, 0.001, 0.001, 0.001, 0.001, 0.001, 0.001, 0.999, 0.999, 0.001, 0.999, 0.999)": 112, "(0.999, 0.001, 0.999, 0.001, 0.001, 0.999, 0.999, 0.001, 0.999, 0.001, 0.001, 0.001, 0.999, 0.999, 0.999, 0.999)": 19, "(0.999, 0.001, 0.001, 0.999, 0.001, 0.001, 0.999, 0.001, 0.999, 0.999, 0.999, 0.999, 0.999, 0.999, 0.999, 0.999)": 6867, "(0.999, 0.001, 0.001, 0.999, 0.001, 0.999, 0.001, 0.001, 0.999, 0.001, 0.001, 0.001, 0.001, 0.001, 0.999, 0.999)": 1937, "(0.999, 0.001, 0.001, 0.999, 0.999, 0.999, 0.999, 0.999, 0.999, 0.999, 0.001, 0.999, 0.999, 0.001, 0.999, 0.999)": 10141, "(0.999, 0.001, 0.999, 0.999, 0.001, 0.999, 0.001, 0.999, 0.999, 0.999, 0.001, 0.001, 0.001, 0.999, 0.001, 0.999)": 26, "(0.999, 0.001, 0.001, 0.999, 0.001, 0.001, 0.001, 0.999, 0.999, 0.001, 0.999, 0.999, 0.999, 0.001, 0.999, 0.999)": 79, "(0.999, 0.001, 0.001, 0.999, 0.999, 0.999, 0.999, 0.999, 0.999, 0.999, 0.999, 0.001, 0.999, 0.999, 0.001, 0.001)": 1781, "(0.999, 0.001, 0.001, 0.999, 0.001, 0.001, 0.001, 0.999, 0.999, 0.999, 0.999, 0.999, 0.999, 0.001, 0.001, 0.001)": 9812, "(0.999, 0.001, 0.999, 0.999, 0.999, 0.001, 0.001, 0.999, 0.999, 0.001, 0.001, 0.999, 0.999, 0.999, 0.001, 0.999)": 3361, "(0.999, 0.999, 0.001, 0.001, 0.001, 0.999, 0.001, 0.999, 0.999, 0.999, 0.001, 0.001, 0.999, 0.999, 0.999, 0.999)": 3, "(0.999, 0.001, 0.001, 0.001, 0.001, 0.999, 0.001, 0.001, 0.001, 0.001, 0.001, 0.999, 0.999, 0.001, 0.001, 0.001)": 7, "(0.001, 0.001, 0.001, 0.001, 0.001, 0.001, 0.001, 0.001, 0.001, 0.999, 0.999, 0.001, 0.999, 0.001, 0.001, 0.001)": 499, "(0.999, 0.001, 0.999, 0.001, 0.001, 0.001, 0.999, 0.001, 0.999, 0.999, 0.999, 0.001, 0.001, 0.001, 0.999, 0.999)": 6, "(0.999, 0.999, 0.999, 0.999, 0.999, 0.001, 0.001, 0.001, 0.999, 0.999, 0.001, 0.999, 0.001, 0.001, 0.999, 0.999)": 1, "(0.001, 0.001, 0.001, 0.999, 0.999, 0.999, 0.999, 0.001, 0.999, 0.999, 0.999, 0.001, 0.001, 0.001, 0.001, 0.999)": 2, "(0.001, 0.001, 0.001, 0.001, 0.001, 0.999, 0.999, 0.999, 0.001, 0.001, 0.001, 0.999, 0.001, 0.001, 0.999, 0.999)": 3, "(0.999, 0.001, 0.999, 0.001, 0.999, 0.999, 0.001, 0.001, 0.001, 0.999, 0.999, 0.001, 0.001, 0.001, 0.001, 0.999)": 1, "(0.999, 0.999, 0.001, 0.999, 0.001, 0.999, 0.999, 0.999, 0.001, 0.001, 0.001, 0.999, 0.999, 0.999, 0.001, 0.001)": 3, "(0.001, 0.001, 0.999, 0.999, 0.001, 0.001, 0.999, 0.001, 0.999, 0.999, 0.001, 0.001, 0.999, 0.001, 0.999, 0.999)": 6, "(0.999, 0.001, 0.001, 0.999, 0.001, 0.001, 0.001, 0.999, 0.001, 0.999, 0.001, 0.001, 0.001, 0.001, 0.001, 0.999)": 26, "(0.999, 0.001, 0.999, 0.999, 0.001, 0.999, 0.001, 0.999, 0.999, 0.001, 0.999, 0.999, 0.001, 0.999, 0.001, 0.999)": 9, "(0.999, 0.001, 0.999, 0.001, 0.001, 0.001, 0.999, 0.001, 0.001, 0.999, 0.001, 0.001, 0.999, 0.999, 0.001, 0.999)": 4, "(0.001, 0.001, 0.001, 0.999, 0.999, 0.999, 0.999, 0.999, 0.001, 0.999, 0.001, 0.001, 0.999, 0.999, 0.001, 0.001)": 3, "(0.001, 0.999, 0.001, 0.999, 0.001, 0.001, 0.001, 0.001, 0.999, 0.001, 0.001, 0.999, 0.001, 0.001, 0.999, 0.001)": 1, "(0.001, 0.001, 0.001, 0.001, 0.999, 0.001, 0.999, 0.001, 0.999, 0.999, 0.001, 0.999, 0.999, 0.999, 0.999, 0.999)": 99, "(0.999, 0.999, 0.999, 0.999, 0.001, 0.001, 0.999, 0.999, 0.999, 0.001, 0.999, 0.999, 0.999, 0.001, 0.999, 0.001)": 87, "(0.001, 0.001, 0.999, 0.999, 0.001, 0.999, 0.001, 0.001, 0.999, 0.001, 0.999, 0.999, 0.001, 0.001, 0.999, 0.999)": 7, "(0.001, 0.999, 0.999, 0.001, 0.001, 0.999, 0.001, 0.999, 0.001, 0.001, 0.999, 0.999, 0.999, 0.999, 0.001, 0.001)": 1, "(0.001, 0.999, 0.001, 0.999, 0.999, 0.001, 0.001, 0.999, 0.001, 0.999, 0.999, 0.999, 0.001, 0.001, 0.999, 0.999)": 4, "(0.999, 0.999, 0.001, 0.999, 0.001, 0.001, 0.001, 0.001, 0.001, 0.001, 0.999, 0.001, 0.001, 0.001, 0.999, 0.999)": 1, "(0.999, 0.001, 0.999, 0.999, 0.001, 0.999, 0.999, 0.001, 0.999, 0.999, 0.999, 0.999, 0.001, 0.001, 0.999, 0.999)": 5, "(0.999, 0.001, 0.001, 0.999, 0.999, 0.001, 0.001, 0.001, 0.999, 0.001, 0.999, 0.999, 0.999, 0.001, 0.001, 0.001)": 17, "(0.999, 0.001, 0.999, 0.999, 0.999, 0.001, 0.999, 0.999, 0.999, 0.999, 0.001, 0.999, 0.001, 0.999, 0.999, 0.999)": 9, "(0.999, 0.999, 0.001, 0.001, 0.001, 0.999, 0.001, 0.001, 0.001, 0.001, 0.999, 0.999, 0.999, 0.001, 0.999, 0.999)": 32, "(0.001, 0.999, 0.001, 0.001, 0.001, 0.001, 0.001, 0.999, 0.001, 0.001, 0.001, 0.999, 0.999, 0.999, 0.001, 0.001)": 10, "(0.001, 0.999, 0.001, 0.001, 0.001, 0.001, 0.001, 0.001, 0.001, 0.001, 0.999, 0.999, 0.001, 0.999, 0.999, 0.001)": 16, "(0.999, 0.001, 0.999, 0.001, 0.999, 0.999, 0.001, 0.001, 0.999, 0.999, 0.999, 0.001, 0.001, 0.999, 0.999, 0.999)": 25, "(0.999, 0.999, 0.999, 0.999, 0.999, 0.999, 0.999, 0.999, 0.999, 0.001, 0.999, 0.001, 0.999, 0.999, 0.001, 0.001)": 6, "(0.001, 0.001, 0.001, 0.001, 0.999, 0.999, 0.001, 0.999, 0.999, 0.999, 0.999, 0.001, 0.001, 0.999, 0.999, 0.999)": 42, "(0.001, 0.999, 0.001, 0.001, 0.001, 0.999, 0.001, 0.999, 0.999, 0.999, 0.999, 0.001, 0.001, 0.001, 0.001, 0.001)": 2, "(0.001, 0.001, 0.999, 0.001, 0.001, 0.001, 0.999, 0.001, 0.999, 0.999, 0.001, 0.999, 0.001, 0.001, 0.999, 0.001)": 30, "(0.999, 0.001, 0.999, 0.001, 0.999, 0.999, 0.999, 0.999, 0.999, 0.999, 0.999, 0.999, 0.999, 0.001, 0.001, 0.001)": 29, "(0.999, 0.999, 0.999, 0.001, 0.001, 0.999, 0.001, 0.999, 0.999, 0.999, 0.001, 0.001, 0.001, 0.001, 0.999, 0.001)": 10, "(0.001, 0.999, 0.999, 0.999, 0.999, 0.999, 0.001, 0.999, 0.999, 0.999, 0.999, 0.999, 0.999, 0.001, 0.001, 0.001)": 1, "(0.001, 0.999, 0.001, 0.999, 0.001, 0.999, 0.001, 0.999, 0.001, 0.001, 0.001, 0.001, 0.999, 0.999, 0.001, 0.999)": 5, "(0.001, 0.999, 0.001, 0.999, 0.999, 0.999, 0.001, 0.001, 0.999, 0.999, 0.999, 0.001, 0.001, 0.001, 0.001, 0.999)": 4, "(0.999, 0.001, 0.001, 0.999, 0.001, 0.001, 0.001, 0.001, 0.999, 0.001, 0.999, 0.999, 0.001, 0.999, 0.999, 0.999)": 6487, "(0.001, 0.001, 0.999, 0.999, 0.999, 0.001, 0.001, 0.001, 0.999, 0.999, 0.001, 0.999, 0.999, 0.001, 0.001, 0.999)": 6, "(0.999, 0.999, 0.001, 0.001, 0.001, 0.001, 0.001, 0.001, 0.001, 0.001, 0.999, 0.999, 0.999, 0.999, 0.999, 0.999)": 163, "(0.999, 0.001, 0.001, 0.001, 0.999, 0.999, 0.999, 0.001, 0.001, 0.001, 0.999, 0.999, 0.999, 0.001, 0.999, 0.999)": 4, "(0.001, 0.999, 0.001, 0.001, 0.999, 0.999, 0.999, 0.999, 0.999, 0.001, 0.001, 0.999, 0.001, 0.001, 0.001, 0.999)": 2, "(0.001, 0.001, 0.999, 0.999, 0.001, 0.001, 0.001, 0.999, 0.001, 0.999, 0.001, 0.999, 0.999, 0.999, 0.999, 0.999)": 14, "(0.001, 0.001, 0.001, 0.001, 0.001, 0.999, 0.999, 0.001, 0.999, 0.001, 0.999, 0.999, 0.999, 0.001, 0.001, 0.001)": 4, "(0.999, 0.001, 0.999, 0.999, 0.999, 0.001, 0.001, 0.999, 0.999, 0.001, 0.001, 0.999, 0.001, 0.001, 0.001, 0.001)": 4, "(0.999, 0.999, 0.001, 0.999, 0.001, 0.001, 0.001, 0.999, 0.999, 0.999, 0.001, 0.999, 0.999, 0.999, 0.999, 0.999)": 3, "(0.999, 0.999, 0.001, 0.001, 0.001, 0.001, 0.001, 0.999, 0.999, 0.999, 0.001, 0.001, 0.001, 0.999, 0.001, 0.999)": 2, "(0.001, 0.999, 0.999, 0.001, 0.001, 0.001, 0.001, 0.001, 0.001, 0.999, 0.999, 0.999, 0.001, 0.001, 0.001, 0.001)": 4, "(0.999, 0.001, 0.999, 0.999, 0.999, 0.999, 0.001, 0.999, 0.001, 0.999, 0.999, 0.999, 0.999, 0.999, 0.999, 0.999)": 2, "(0.001, 0.999, 0.001, 0.999, 0.001, 0.999, 0.001, 0.999, 0.999, 0.001, 0.001, 0.999, 0.999, 0.999, 0.999, 0.999)": 3, "(0.001, 0.001, 0.999, 0.001, 0.999, 0.999, 0.001, 0.999, 0.001, 0.999, 0.001, 0.999, 0.999, 0.999, 0.999, 0.001)": 12, "(0.001, 0.999, 0.001, 0.001, 0.999, 0.001, 0.999, 0.001, 0.999, 0.999, 0.999, 0.001, 0.001, 0.001, 0.999, 0.999)": 2, "(0.999, 0.999, 0.001, 0.001, 0.001, 0.001, 0.001, 0.001, 0.001, 0.001, 0.999, 0.999, 0.999, 0.001, 0.999, 0.001)": 65, "(0.999, 0.999, 0.999, 0.001, 0.999, 0.001, 0.001, 0.001, 0.999, 0.001, 0.001, 0.999, 0.001, 0.999, 0.999, 0.001)": 2, "(0.001, 0.001, 0.001, 0.999, 0.999, 0.999, 0.999, 0.999, 0.999, 0.001, 0.999, 0.001, 0.001, 0.999, 0.001, 0.999)": 5, "(0.001, 0.001, 0.001, 0.001, 0.999, 0.999, 0.999, 0.001, 0.001, 0.001, 0.001, 0.999, 0.999, 0.999, 0.999, 0.999)": 3, "(0.999, 0.001, 0.001, 0.999, 0.001, 0.001, 0.001, 0.001, 0.999, 0.001, 0.999, 0.001, 0.999, 0.999, 0.001, 0.999)": 697, "(0.999, 0.999, 0.999, 0.999, 0.001, 0.001, 0.001, 0.999, 0.999, 0.001, 0.999, 0.001, 0.999, 0.001, 0.001, 0.999)": 53, "(0.001, 0.001, 0.001, 0.001, 0.999, 0.001, 0.001, 0.001, 0.999, 0.001, 0.999, 0.999, 0.001, 0.001, 0.999, 0.999)": 55, "(0.999, 0.001, 0.999, 0.001, 0.999, 0.999, 0.001, 0.999, 0.001, 0.999, 0.999, 0.999, 0.999, 0.999, 0.999, 0.999)": 6, "(0.999, 0.001, 0.001, 0.999, 0.999, 0.999, 0.999, 0.999, 0.999, 0.001, 0.001, 0.001, 0.999, 0.001, 0.999, 0.001)": 3362, "(0.999, 0.999, 0.999, 0.999, 0.999, 0.999, 0.999, 0.001, 0.999, 0.999, 0.001, 0.999, 0.999, 0.999, 0.001, 0.999)": 3, "(0.001, 0.001, 0.999, 0.999, 0.999, 0.999, 0.999, 0.001, 0.999, 0.001, 0.999, 0.999, 0.999, 0.999, 0.999, 0.999)": 14, "(0.001, 0.999, 0.001, 0.001, 0.999, 0.001, 0.001, 0.999, 0.001, 0.001, 0.999, 0.999, 0.999, 0.001, 0.001, 0.001)": 20, "(0.999, 0.001, 0.001, 0.999, 0.001, 0.001, 0.001, 0.001, 0.001, 0.001, 0.001, 0.001, 0.001, 0.001, 0.999, 0.999)": 9, "(0.999, 0.001, 0.001, 0.001, 0.999, 0.999, 0.001, 0.001, 0.999, 0.999, 0.001, 0.999, 0.999, 0.999, 0.999, 0.999)": 29, "(0.999, 0.001, 0.001, 0.001, 0.999, 0.999, 0.999, 0.001, 0.001, 0.999, 0.001, 0.999, 0.999, 0.999, 0.999, 0.999)": 4, "(0.999, 0.999, 0.001, 0.999, 0.999, 0.999, 0.999, 0.999, 0.001, 0.001, 0.999, 0.999, 0.999, 0.999, 0.999, 0.999)": 1, "(0.001, 0.001, 0.001, 0.999, 0.999, 0.999, 0.001, 0.001, 0.001, 0.999, 0.001, 0.001, 0.001, 0.999, 0.999, 0.001)": 8, "(0.999, 0.001, 0.999, 0.001, 0.999, 0.999, 0.999, 0.001, 0.999, 0.999, 0.001, 0.001, 0.999, 0.001, 0.001, 0.999)": 445, "(0.999, 0.999, 0.999, 0.001, 0.001, 0.001, 0.999, 0.999, 0.999, 0.999, 0.999, 0.001, 0.999, 0.999, 0.999, 0.999)": 8, "(0.001, 0.999, 0.001, 0.999, 0.001, 0.001, 0.999, 0.999, 0.999, 0.999, 0.999, 0.999, 0.999, 0.999, 0.999, 0.999)": 1, "(0.001, 0.999, 0.001, 0.001, 0.001, 0.001, 0.001, 0.001, 0.001, 0.999, 0.001, 0.001, 0.999, 0.001, 0.999, 0.001)": 9, "(0.001, 0.001, 0.001, 0.001, 0.001, 0.001, 0.999, 0.001, 0.001, 0.001, 0.999, 0.999, 0.999, 0.999, 0.999, 0.999)": 278, "(0.001, 0.001, 0.999, 0.001, 0.999, 0.999, 0.001, 0.999, 0.001, 0.001, 0.001, 0.999, 0.999, 0.999, 0.001, 0.999)": 15, "(0.001, 0.001, 0.001, 0.999, 0.001, 0.999, 0.001, 0.999, 0.001, 0.999, 0.001, 0.999, 0.999, 0.999, 0.999, 0.001)": 2, "(0.999, 0.001, 0.001, 0.999, 0.001, 0.001, 0.999, 0.001, 0.001, 0.001, 0.999, 0.999, 0.999, 0.999, 0.001, 0.999)": 12, "(0.999, 0.001, 0.001, 0.999, 0.001, 0.001, 0.001, 0.999, 0.999, 0.999, 0.999, 0.999, 0.001, 0.001, 0.001, 0.999)": 9611, "(0.999, 0.999, 0.001, 0.999, 0.999, 0.001, 0.001, 0.999, 0.999, 0.001, 0.001, 0.999, 0.999, 0.001, 0.001, 0.001)": 1229, "(0.001, 0.999, 0.001, 0.999, 0.001, 0.001, 0.001, 0.001, 0.999, 0.001, 0.999, 0.001, 0.001, 0.999, 0.999, 0.999)": 5, "(0.001, 0.001, 0.999, 0.001, 0.999, 0.001, 0.001, 0.001, 0.999, 0.999, 0.999, 0.001, 0.001, 0.999, 0.001, 0.999)": 17, "(0.999, 0.001, 0.999, 0.001, 0.001, 0.001, 0.999, 0.999, 0.001, 0.999, 0.999, 0.999, 0.001, 0.999, 0.001, 0.999)": 9, "(0.001, 0.001, 0.999, 0.001, 0.999, 0.001, 0.999, 0.999, 0.999, 0.999, 0.999, 0.001, 0.999, 0.999, 0.001, 0.001)": 1, "(0.999, 0.999, 0.001, 0.999, 0.001, 0.001, 0.999, 0.001, 0.999, 0.001, 0.999, 0.001, 0.999, 0.001, 0.999, 0.999)": 2, "(0.999, 0.999, 0.999, 0.001, 0.001, 0.001, 0.001, 0.001, 0.001, 0.001, 0.001, 0.001, 0.001, 0.999, 0.999, 0.999)": 1, "(0.999, 0.999, 0.999, 0.999, 0.999, 0.999, 0.001, 0.001, 0.999, 0.999, 0.999, 0.001, 0.001, 0.999, 0.999, 0.001)": 1, "(0.999, 0.999, 0.001, 0.999, 0.001, 0.999, 0.001, 0.001, 0.999, 0.001, 0.999, 0.999, 0.999, 0.999, 0.001, 0.001)": 5, "(0.001, 0.001, 0.001, 0.999, 0.999, 0.001, 0.999, 0.999, 0.001, 0.999, 0.001, 0.001, 0.999, 0.999, 0.001, 0.001)": 5, "(0.001, 0.001, 0.999, 0.999, 0.999, 0.999, 0.999, 0.001, 0.999, 0.001, 0.001, 0.999, 0.999, 0.001, 0.999, 0.999)": 3, "(0.999, 0.999, 0.001, 0.999, 0.999, 0.001, 0.001, 0.999, 0.999, 0.999, 0.001, 0.001, 0.999, 0.999, 0.001, 0.001)": 2, "(0.001, 0.001, 0.001, 0.999, 0.999, 0.001, 0.999, 0.001, 0.999, 0.001, 0.999, 0.001, 0.001, 0.999, 0.999, 0.999)": 1, "(0.001, 0.001, 0.999, 0.999, 0.999, 0.999, 0.999, 0.001, 0.001, 0.999, 0.001, 0.999, 0.999, 0.001, 0.999, 0.999)": 2, "(0.999, 0.999, 0.001, 0.001, 0.999, 0.001, 0.999, 0.999, 0.001, 0.999, 0.999, 0.999, 0.001, 0.001, 0.999, 0.999)": 1, "(0.001, 0.001, 0.001, 0.999, 0.001, 0.001, 0.001, 0.999, 0.001, 0.999, 0.999, 0.001, 0.999, 0.999, 0.001, 0.001)": 9, "(0.999, 0.999, 0.001, 0.001, 0.999, 0.001, 0.999, 0.001, 0.999, 0.001, 0.999, 0.001, 0.999, 0.999, 0.999, 0.001)": 5, "(0.999, 0.999, 0.999, 0.999, 0.001, 0.999, 0.001, 0.999, 0.999, 0.001, 0.999, 0.999, 0.001, 0.001, 0.999, 0.001)": 4, "(0.001, 0.999, 0.001, 0.001, 0.001, 0.001, 0.001, 0.001, 0.999, 0.999, 0.999, 0.999, 0.001, 0.001, 0.999, 0.001)": 103, "(0.999, 0.001, 0.001, 0.001, 0.001, 0.001, 0.001, 0.999, 0.999, 0.999, 0.999, 0.999, 0.001, 0.999, 0.999, 0.001)": 9, "(0.999, 0.001, 0.999, 0.001, 0.001, 0.001, 0.999, 0.999, 0.001, 0.999, 0.001, 0.001, 0.999, 0.999, 0.999, 0.999)": 19, "(0.001, 0.001, 0.001, 0.999, 0.001, 0.999, 0.999, 0.999, 0.001, 0.001, 0.999, 0.001, 0.999, 0.999, 0.001, 0.001)": 8, "(0.001, 0.001, 0.001, 0.001, 0.001, 0.999, 0.001, 0.001, 0.001, 0.001, 0.001, 0.999, 0.999, 0.999, 0.999, 0.001)": 64, "(0.999, 0.001, 0.999, 0.001, 0.001, 0.001, 0.999, 0.999, 0.001, 0.999, 0.001, 0.999, 0.999, 0.999, 0.999, 0.001)": 81, "(0.999, 0.999, 0.001, 0.999, 0.999, 0.999, 0.999, 0.999, 0.999, 0.001, 0.001, 0.999, 0.999, 0.001, 0.999, 0.001)": 1, "(0.001, 0.001, 0.001, 0.001, 0.001, 0.999, 0.001, 0.999, 0.999, 0.001, 0.999, 0.999, 0.999, 0.999, 0.999, 0.999)": 14, "(0.001, 0.001, 0.001, 0.001, 0.001, 0.001, 0.999, 0.001, 0.999, 0.001, 0.999, 0.001, 0.001, 0.001, 0.001, 0.001)": 128, "(0.999, 0.001, 0.999, 0.001, 0.001, 0.001, 0.999, 0.999, 0.999, 0.999, 0.001, 0.001, 0.001, 0.001, 0.001, 0.999)": 1, "(0.999, 0.001, 0.001, 0.001, 0.001, 0.001, 0.001, 0.001, 0.001, 0.999, 0.999, 0.999, 0.001, 0.999, 0.001, 0.001)": 56, "(0.999, 0.001, 0.999, 0.999, 0.999, 0.001, 0.001, 0.001, 0.999, 0.999, 0.999, 0.001, 0.999, 0.001, 0.001, 0.001)": 5, "(0.999, 0.999, 0.999, 0.999, 0.999, 0.001, 0.001, 0.999, 0.999, 0.999, 0.001, 0.999, 0.999, 0.999, 0.001, 0.999)": 10, "(0.999, 0.999, 0.001, 0.001, 0.001, 0.001, 0.001, 0.001, 0.999, 0.999, 0.999, 0.999, 0.999, 0.999, 0.999, 0.999)": 43, "(0.001, 0.999, 0.001, 0.001, 0.999, 0.001, 0.001, 0.001, 0.999, 0.999, 0.999, 0.999, 0.001, 0.999, 0.001, 0.999)": 22, "(0.999, 0.999, 0.001, 0.001, 0.001, 0.001, 0.999, 0.999, 0.001, 0.001, 0.999, 0.999, 0.001, 0.999, 0.001, 0.001)": 5, "(0.999, 0.999, 0.001, 0.001, 0.999, 0.999, 0.001, 0.001, 0.999, 0.999, 0.999, 0.001, 0.999, 0.001, 0.999, 0.999)": 26, "(0.999, 0.001, 0.001, 0.001, 0.001, 0.001, 0.001, 0.001, 0.999, 0.999, 0.999, 0.001, 0.999, 0.999, 0.999, 0.001)": 41, "(0.999, 0.001, 0.001, 0.001, 0.999, 0.999, 0.999, 0.001, 0.999, 0.999, 0.001, 0.999, 0.999, 0.999, 0.999, 0.999)": 21, "(0.999, 0.001, 0.001, 0.001, 0.999, 0.999, 0.001, 0.999, 0.999, 0.001, 0.001, 0.001, 0.999, 0.001, 0.999, 0.999)": 542, "(0.999, 0.999, 0.999, 0.001, 0.001, 0.001, 0.001, 0.999, 0.999, 0.999, 0.001, 0.999, 0.999, 0.999, 0.001, 0.001)": 5, "(0.999, 0.001, 0.001, 0.999, 0.999, 0.001, 0.001, 0.001, 0.001, 0.001, 0.999, 0.001, 0.001, 0.999, 0.001, 0.999)": 3, "(0.999, 0.001, 0.001, 0.001, 0.001, 0.001, 0.001, 0.001, 0.999, 0.999, 0.999, 0.999, 0.999, 0.999, 0.999, 0.999)": 165, "(0.999, 0.001, 0.999, 0.001, 0.999, 0.001, 0.999, 0.001, 0.999, 0.999, 0.999, 0.001, 0.001, 0.001, 0.001, 0.001)": 7, "(0.999, 0.999, 0.999, 0.001, 0.999, 0.999, 0.999, 0.999, 0.999, 0.999, 0.001, 0.999, 0.999, 0.999, 0.999, 0.999)": 5, "(0.001, 0.999, 0.001, 0.001, 0.999, 0.999, 0.001, 0.999, 0.001, 0.001, 0.001, 0.001, 0.999, 0.001, 0.001, 0.999)": 2, "(0.001, 0.001, 0.001, 0.001, 0.001, 0.999, 0.999, 0.001, 0.001, 0.001, 0.999, 0.999, 0.001, 0.999, 0.001, 0.999)": 77, "(0.999, 0.001, 0.001, 0.001, 0.001, 0.001, 0.999, 0.001, 0.999, 0.001, 0.001, 0.999, 0.999, 0.001, 0.001, 0.001)": 2, "(0.999, 0.001, 0.999, 0.999, 0.001, 0.999, 0.999, 0.999, 0.999, 0.999, 0.001, 0.001, 0.999, 0.999, 0.999, 0.999)": 1677, "(0.999, 0.999, 0.999, 0.999, 0.001, 0.999, 0.999, 0.999, 0.999, 0.001, 0.999, 0.999, 0.001, 0.999, 0.001, 0.999)": 13, "(0.001, 0.999, 0.999, 0.001, 0.001, 0.999, 0.001, 0.001, 0.999, 0.001, 0.999, 0.999, 0.999, 0.999, 0.999, 0.999)": 1, "(0.001, 0.001, 0.001, 0.999, 0.999, 0.999, 0.999, 0.999, 0.999, 0.001, 0.999, 0.001, 0.999, 0.001, 0.999, 0.001)": 6, "(0.001, 0.001, 0.001, 0.999, 0.001, 0.001, 0.999, 0.001, 0.001, 0.999, 0.999, 0.001, 0.999, 0.001, 0.001, 0.001)": 3, "(0.001, 0.999, 0.999, 0.999, 0.001, 0.999, 0.999, 0.001, 0.999, 0.001, 0.999, 0.999, 0.001, 0.999, 0.999, 0.999)": 1, "(0.001, 0.999, 0.001, 0.001, 0.999, 0.999, 0.001, 0.001, 0.001, 0.001, 0.999, 0.999, 0.999, 0.001, 0.999, 0.999)": 7, "(0.999, 0.001, 0.001, 0.001, 0.999, 0.001, 0.001, 0.001, 0.001, 0.999, 0.001, 0.001, 0.001, 0.001, 0.999, 0.999)": 64, "(0.001, 0.999, 0.999, 0.001, 0.999, 0.001, 0.999, 0.001, 0.001, 0.001, 0.001, 0.001, 0.001, 0.999, 0.001, 0.001)": 2, "(0.001, 0.001, 0.001, 0.001, 0.001, 0.001, 0.001, 0.999, 0.999, 0.999, 0.001, 0.001, 0.001, 0.999, 0.999, 0.001)": 6, "(0.001, 0.999, 0.001, 0.999, 0.999, 0.001, 0.001, 0.001, 0.999, 0.001, 0.999, 0.001, 0.999, 0.999, 0.999, 0.999)": 12, "(0.999, 0.001, 0.999, 0.001, 0.001, 0.999, 0.001, 0.001, 0.999, 0.999, 0.001, 0.999, 0.001, 0.001, 0.001, 0.999)": 4, "(0.001, 0.999, 0.999, 0.999, 0.999, 0.001, 0.001, 0.999, 0.999, 0.999, 0.001, 0.001, 0.001, 0.999, 0.999, 0.001)": 2, "(0.001, 0.001, 0.001, 0.001, 0.999, 0.999, 0.999, 0.999, 0.001, 0.999, 0.999, 0.001, 0.001, 0.999, 0.001, 0.001)": 9, "(0.001, 0.999, 0.001, 0.001, 0.999, 0.999, 0.001, 0.001, 0.999, 0.001, 0.001, 0.001, 0.001, 0.999, 0.001, 0.001)": 11, "(0.999, 0.001, 0.001, 0.999, 0.001, 0.001, 0.001, 0.001, 0.001, 0.001, 0.001, 0.001, 0.999, 0.001, 0.001, 0.999)": 30, "(0.999, 0.001, 0.999, 0.999, 0.001, 0.999, 0.001, 0.999, 0.999, 0.999, 0.001, 0.999, 0.999, 0.999, 0.001, 0.999)": 21, "(0.001, 0.999, 0.001, 0.001, 0.001, 0.999, 0.001, 0.001, 0.999, 0.999, 0.001, 0.999, 0.999, 0.001, 0.001, 0.001)": 4, "(0.999, 0.001, 0.001, 0.001, 0.001, 0.001, 0.999, 0.001, 0.001, 0.999, 0.999, 0.999, 0.001, 0.999, 0.999, 0.001)": 1, "(0.999, 0.001, 0.999, 0.001, 0.001, 0.001, 0.999, 0.999, 0.999, 0.001, 0.001, 0.999, 0.001, 0.001, 0.999, 0.001)": 2, "(0.999, 0.999, 0.001, 0.999, 0.001, 0.001, 0.001, 0.999, 0.999, 0.001, 0.001, 0.001, 0.999, 0.999, 0.001, 0.001)": 26, "(0.001, 0.999, 0.001, 0.999, 0.001, 0.001, 0.001, 0.001, 0.999, 0.999, 0.999, 0.999, 0.999, 0.001, 0.999, 0.001)": 14, "(0.001, 0.001, 0.999, 0.999, 0.001, 0.999, 0.001, 0.999, 0.999, 0.001, 0.999, 0.999, 0.999, 0.001, 0.999, 0.001)": 12, "(0.999, 0.999, 0.001, 0.001, 0.999, 0.001, 0.001, 0.001, 0.001, 0.999, 0.001, 0.999, 0.001, 0.999, 0.999, 0.001)": 9, "(0.001, 0.001, 0.999, 0.999, 0.001, 0.001, 0.999, 0.999, 0.001, 0.999, 0.999, 0.999, 0.999, 0.999, 0.999, 0.001)": 1, "(0.999, 0.999, 0.001, 0.001, 0.001, 0.999, 0.001, 0.001, 0.999, 0.999, 0.999, 0.999, 0.001, 0.999, 0.001, 0.999)": 27, "(0.001, 0.999, 0.001, 0.001, 0.999, 0.001, 0.001, 0.001, 0.001, 0.001, 0.999, 0.001, 0.001, 0.001, 0.001, 0.999)": 510, "(0.999, 0.999, 0.999, 0.001, 0.001, 0.001, 0.999, 0.001, 0.999, 0.001, 0.001, 0.999, 0.999, 0.999, 0.999, 0.001)": 46, "(0.999, 0.999, 0.001, 0.999, 0.001, 0.999, 0.999, 0.999, 0.999, 0.999, 0.999, 0.999, 0.001, 0.001, 0.999, 0.999)": 1, "(0.999, 0.001, 0.001, 0.001, 0.999, 0.999, 0.001, 0.999, 0.001, 0.001, 0.001, 0.001, 0.999, 0.001, 0.999, 0.001)": 13, "(0.001, 0.999, 0.001, 0.001, 0.999, 0.999, 0.001, 0.001, 0.001, 0.999, 0.999, 0.999, 0.001, 0.001, 0.001, 0.999)": 16, "(0.999, 0.001, 0.001, 0.001, 0.001, 0.999, 0.999, 0.001, 0.999, 0.001, 0.999, 0.999, 0.999, 0.999, 0.999, 0.001)": 1, "(0.999, 0.999, 0.001, 0.001, 0.999, 0.999, 0.999, 0.001, 0.999, 0.001, 0.999, 0.999, 0.001, 0.999, 0.999, 0.999)": 1, "(0.001, 0.001, 0.001, 0.001, 0.999, 0.001, 0.001, 0.001, 0.999, 0.001, 0.999, 0.001, 0.999, 0.001, 0.999, 0.999)": 1081, "(0.001, 0.001, 0.999, 0.001, 0.999, 0.999, 0.001, 0.001, 0.001, 0.999, 0.999, 0.999, 0.001, 0.001, 0.999, 0.999)": 8, "(0.999, 0.001, 0.999, 0.999, 0.999, 0.001, 0.999, 0.999, 0.001, 0.999, 0.001, 0.001, 0.999, 0.999, 0.999, 0.001)": 21, "(0.999, 0.001, 0.001, 0.001, 0.001, 0.999, 0.999, 0.999, 0.001, 0.001, 0.999, 0.999, 0.999, 0.999, 0.001, 0.001)": 6, "(0.001, 0.001, 0.999, 0.001, 0.001, 0.001, 0.999, 0.999, 0.999, 0.999, 0.001, 0.001, 0.999, 0.999, 0.999, 0.999)": 3, "(0.001, 0.001, 0.999, 0.001, 0.999, 0.001, 0.999, 0.999, 0.001, 0.999, 0.001, 0.001, 0.999, 0.999, 0.001, 0.999)": 7, "(0.999, 0.001, 0.001, 0.001, 0.999, 0.001, 0.001, 0.001, 0.999, 0.001, 0.001, 0.999, 0.001, 0.001, 0.001, 0.999)": 115, "(0.001, 0.999, 0.001, 0.001, 0.001, 0.001, 0.999, 0.001, 0.999, 0.001, 0.999, 0.001, 0.001, 0.001, 0.001, 0.001)": 92, "(0.001, 0.999, 0.001, 0.001, 0.999, 0.001, 0.001, 0.999, 0.999, 0.001, 0.001, 0.999, 0.999, 0.001, 0.999, 0.001)": 2, "(0.999, 0.999, 0.999, 0.001, 0.999, 0.001, 0.001, 0.001, 0.001, 0.999, 0.001, 0.999, 0.001, 0.999, 0.001, 0.001)": 1, "(0.001, 0.999, 0.001, 0.001, 0.999, 0.999, 0.999, 0.001, 0.999, 0.001, 0.999, 0.999, 0.001, 0.999, 0.999, 0.999)": 3, "(0.999, 0.999, 0.999, 0.001, 0.001, 0.001, 0.001, 0.001, 0.001, 0.001, 0.001, 0.001, 0.999, 0.999, 0.001, 0.001)": 5, "(0.001, 0.001, 0.001, 0.001, 0.001, 0.001, 0.001, 0.999, 0.999, 0.001, 0.999, 0.001, 0.001, 0.999, 0.999, 0.001)": 6, "(0.999, 0.001, 0.001, 0.999, 0.999, 0.999, 0.001, 0.001, 0.001, 0.001, 0.999, 0.001, 0.999, 0.001, 0.001, 0.001)": 5, "(0.999, 0.001, 0.001, 0.999, 0.999, 0.001, 0.001, 0.001, 0.001, 0.999, 0.001, 0.999, 0.001, 0.999, 0.001, 0.001)": 6, "(0.999, 0.999, 0.001, 0.001, 0.001, 0.001, 0.001, 0.999, 0.001, 0.999, 0.001, 0.999, 0.001, 0.999, 0.999, 0.999)": 11, "(0.001, 0.001, 0.001, 0.001, 0.001, 0.999, 0.001, 0.001, 0.001, 0.001, 0.001, 0.001, 0.001, 0.999, 0.999, 0.001)": 230, "(0.001, 0.999, 0.999, 0.001, 0.999, 0.001, 0.999, 0.001, 0.999, 0.999, 0.001, 0.001, 0.001, 0.999, 0.001, 0.999)": 3, "(0.999, 0.001, 0.999, 0.999, 0.001, 0.999, 0.999, 0.999, 0.001, 0.001, 0.999, 0.001, 0.001, 0.999, 0.001, 0.001)": 2, "(0.999, 0.001, 0.999, 0.999, 0.999, 0.999, 0.999, 0.999, 0.001, 0.999, 0.999, 0.001, 0.999, 0.999, 0.999, 0.001)": 9, "(0.001, 0.001, 0.001, 0.001, 0.999, 0.001, 0.999, 0.999, 0.999, 0.999, 0.001, 0.001, 0.999, 0.999, 0.001, 0.999)": 15, "(0.001, 0.001, 0.001, 0.001, 0.001, 0.001, 0.001, 0.001, 0.001, 0.999, 0.999, 0.999, 0.001, 0.999, 0.001, 0.001)": 9, "(0.999, 0.001, 0.999, 0.001, 0.999, 0.001, 0.999, 0.001, 0.001, 0.999, 0.999, 0.999, 0.999, 0.999, 0.999, 0.999)": 29, "(0.001, 0.999, 0.999, 0.999, 0.999, 0.999, 0.999, 0.999, 0.999, 0.999, 0.999, 0.999, 0.001, 0.999, 0.999, 0.999)": 1, "(0.999, 0.001, 0.999, 0.999, 0.999, 0.999, 0.999, 0.001, 0.001, 0.999, 0.999, 0.001, 0.999, 0.001, 0.999, 0.001)": 6, "(0.999, 0.999, 0.001, 0.001, 0.001, 0.999, 0.999, 0.999, 0.001, 0.001, 0.001, 0.001, 0.001, 0.001, 0.001, 0.999)": 5, "(0.001, 0.999, 0.001, 0.999, 0.001, 0.999, 0.001, 0.999, 0.999, 0.001, 0.999, 0.999, 0.999, 0.001, 0.001, 0.999)": 9, "(0.999, 0.999, 0.001, 0.001, 0.999, 0.001, 0.001, 0.001, 0.001, 0.001, 0.999, 0.999, 0.999, 0.999, 0.999, 0.001)": 7, "(0.001, 0.001, 0.999, 0.001, 0.001, 0.001, 0.999, 0.999, 0.999, 0.001, 0.999, 0.999, 0.001, 0.001, 0.999, 0.999)": 3, "(0.001, 0.001, 0.001, 0.999, 0.999, 0.001, 0.001, 0.999, 0.999, 0.999, 0.001, 0.999, 0.999, 0.999, 0.999, 0.001)": 45, "(0.001, 0.001, 0.001, 0.001, 0.999, 0.001, 0.001, 0.001, 0.001, 0.001, 0.001, 0.999, 0.999, 0.999, 0.001, 0.999)": 36, "(0.001, 0.001, 0.999, 0.001, 0.999, 0.001, 0.999, 0.999, 0.001, 0.001, 0.001, 0.999, 0.001, 0.001, 0.999, 0.999)": 17, "(0.999, 0.999, 0.999, 0.999, 0.001, 0.001, 0.999, 0.001, 0.999, 0.001, 0.001, 0.001, 0.999, 0.999, 0.999, 0.001)": 21, "(0.001, 0.001, 0.001, 0.999, 0.999, 0.001, 0.999, 0.999, 0.001, 0.001, 0.999, 0.999, 0.999, 0.999, 0.999, 0.001)": 17, "(0.999, 0.999, 0.001, 0.001, 0.999, 0.001, 0.001, 0.001, 0.001, 0.001, 0.999, 0.999, 0.001, 0.999, 0.001, 0.999)": 5, "(0.999, 0.999, 0.999, 0.001, 0.999, 0.001, 0.999, 0.999, 0.999, 0.001, 0.999, 0.001, 0.999, 0.001, 0.999, 0.999)": 2910, "(0.999, 0.001, 0.001, 0.999, 0.001, 0.001, 0.999, 0.999, 0.999, 0.999, 0.999, 0.001, 0.999, 0.999, 0.999, 0.999)": 879, "(0.999, 0.999, 0.001, 0.999, 0.001, 0.001, 0.001, 0.999, 0.999, 0.001, 0.001, 0.001, 0.999, 0.001, 0.999, 0.001)": 172, "(0.999, 0.001, 0.999, 0.999, 0.999, 0.001, 0.001, 0.001, 0.999, 0.001, 0.999, 0.999, 0.999, 0.999, 0.001, 0.999)": 244, "(0.999, 0.999, 0.001, 0.001, 0.999, 0.001, 0.001, 0.999, 0.999, 0.001, 0.001, 0.001, 0.999, 0.001, 0.999, 0.999)": 26266, "(0.999, 0.999, 0.999, 0.001, 0.001, 0.001, 0.001, 0.999, 0.999, 0.999, 0.001, 0.001, 0.999, 0.999, 0.001, 0.001)": 5, "(0.001, 0.999, 0.999, 0.999, 0.999, 0.001, 0.999, 0.999, 0.999, 0.001, 0.999, 0.999, 0.999, 0.001, 0.999, 0.001)": 12, "(0.001, 0.999, 0.001, 0.999, 0.001, 0.001, 0.001, 0.999, 0.001, 0.999, 0.999, 0.999, 0.001, 0.001, 0.999, 0.001)": 2, "(0.001, 0.999, 0.001, 0.001, 0.999, 0.001, 0.999, 0.001, 0.999, 0.001, 0.999, 0.001, 0.999, 0.999, 0.001, 0.999)": 19, "(0.001, 0.999, 0.001, 0.001, 0.001, 0.001, 0.999, 0.999, 0.999, 0.999, 0.999, 0.999, 0.001, 0.001, 0.001, 0.999)": 4, "(0.999, 0.001, 0.001, 0.999, 0.001, 0.001, 0.001, 0.001, 0.999, 0.999, 0.999, 0.001, 0.001, 0.999, 0.999, 0.999)": 4655, "(0.999, 0.001, 0.001, 0.999, 0.001, 0.001, 0.001, 0.001, 0.999, 0.001, 0.999, 0.001, 0.001, 0.001, 0.001, 0.999)": 16953, "(0.999, 0.001, 0.001, 0.999, 0.001, 0.001, 0.001, 0.999, 0.999, 0.999, 0.001, 0.999, 0.999, 0.999, 0.001, 0.001)": 2437, "(0.999, 0.001, 0.001, 0.999, 0.999, 0.001, 0.999, 0.001, 0.999, 0.001, 0.999, 0.999, 0.999, 0.999, 0.999, 0.999)": 710, "(0.999, 0.999, 0.001, 0.999, 0.999, 0.999, 0.999, 0.001, 0.999, 0.001, 0.999, 0.999, 0.999, 0.999, 0.001, 0.999)": 1, "(0.999, 0.001, 0.001, 0.999, 0.001, 0.999, 0.001, 0.001, 0.999, 0.001, 0.999, 0.999, 0.999, 0.001, 0.999, 0.001)": 42, "(0.001, 0.001, 0.999, 0.999, 0.001, 0.001, 0.001, 0.999, 0.999, 0.999, 0.999, 0.999, 0.001, 0.001, 0.001, 0.999)": 4, "(0.999, 0.001, 0.001, 0.001, 0.999, 0.001, 0.999, 0.001, 0.999, 0.999, 0.999, 0.999, 0.001, 0.999, 0.999, 0.001)": 8, "(0.999, 0.001, 0.999, 0.999, 0.999, 0.999, 0.999, 0.999, 0.999, 0.001, 0.999, 0.999, 0.999, 0.001, 0.999, 0.001)": 54, "(0.999, 0.999, 0.001, 0.999, 0.001, 0.999, 0.999, 0.001, 0.999, 0.001, 0.999, 0.999, 0.999, 0.001, 0.001, 0.999)": 1, "(0.001, 0.999, 0.001, 0.001, 0.001, 0.999, 0.001, 0.999, 0.001, 0.001, 0.999, 0.999, 0.001, 0.001, 0.999, 0.001)": 7, "(0.999, 0.001, 0.001, 0.001, 0.999, 0.001, 0.999, 0.001, 0.999, 0.001, 0.999, 0.001, 0.999, 0.001, 0.999, 0.001)": 36, "(0.999, 0.999, 0.001, 0.001, 0.001, 0.999, 0.999, 0.999, 0.999, 0.001, 0.999, 0.999, 0.999, 0.001, 0.999, 0.001)": 13, "(0.001, 0.001, 0.001, 0.999, 0.999, 0.001, 0.001, 0.001, 0.999, 0.999, 0.999, 0.001, 0.999, 0.001, 0.999, 0.001)": 19, "(0.001, 0.001, 0.001, 0.001, 0.001, 0.001, 0.999, 0.001, 0.999, 0.999, 0.001, 0.001, 0.999, 0.001, 0.001, 0.999)": 4, "(0.001, 0.001, 0.999, 0.999, 0.001, 0.001, 0.999, 0.001, 0.999, 0.001, 0.999, 0.999, 0.999, 0.001, 0.001, 0.999)": 3, "(0.999, 0.001, 0.001, 0.001, 0.001, 0.001, 0.999, 0.999, 0.999, 0.001, 0.001, 0.001, 0.999, 0.999, 0.001, 0.001)": 753, "(0.999, 0.999, 0.999, 0.001, 0.001, 0.999, 0.001, 0.999, 0.999, 0.999, 0.999, 0.001, 0.999, 0.999, 0.001, 0.999)": 1, "(0.001, 0.001, 0.001, 0.999, 0.001, 0.999, 0.001, 0.001, 0.001, 0.999, 0.999, 0.001, 0.999, 0.999, 0.001, 0.999)": 153, "(0.001, 0.001, 0.001, 0.001, 0.999, 0.001, 0.001, 0.001, 0.001, 0.001, 0.999, 0.999, 0.001, 0.001, 0.001, 0.999)": 87, "(0.999, 0.001, 0.999, 0.001, 0.001, 0.999, 0.001, 0.999, 0.001, 0.001, 0.999, 0.999, 0.001, 0.999, 0.999, 0.001)": 8, "(0.999, 0.001, 0.001, 0.001, 0.999, 0.001, 0.999, 0.999, 0.999, 0.999, 0.001, 0.001, 0.001, 0.999, 0.999, 0.001)": 6, "(0.001, 0.001, 0.001, 0.999, 0.001, 0.999, 0.001, 0.999, 0.999, 0.001, 0.001, 0.001, 0.999, 0.001, 0.999, 0.999)": 2, "(0.001, 0.999, 0.001, 0.001, 0.999, 0.001, 0.999, 0.001, 0.999, 0.001, 0.999, 0.999, 0.001, 0.001, 0.001, 0.999)": 46, "(0.001, 0.001, 0.001, 0.999, 0.999, 0.999, 0.999, 0.001, 0.999, 0.001, 0.999, 0.999, 0.001, 0.999, 0.999, 0.001)": 18, "(0.999, 0.001, 0.001, 0.001, 0.001, 0.999, 0.001, 0.001, 0.999, 0.999, 0.001, 0.999, 0.001, 0.001, 0.001, 0.001)": 50, "(0.999, 0.999, 0.001, 0.999, 0.001, 0.001, 0.001, 0.001, 0.999, 0.001, 0.999, 0.001, 0.001, 0.001, 0.001, 0.999)": 342, "(0.001, 0.001, 0.001, 0.001, 0.001, 0.001, 0.001, 0.999, 0.999, 0.999, 0.999, 0.001, 0.001, 0.999, 0.999, 0.999)": 19, "(0.999, 0.001, 0.001, 0.001, 0.999, 0.999, 0.001, 0.001, 0.001, 0.001, 0.001, 0.001, 0.001, 0.999, 0.001, 0.001)": 3, "(0.001, 0.001, 0.999, 0.999, 0.999, 0.999, 0.999, 0.001, 0.999, 0.999, 0.001, 0.001, 0.999, 0.999, 0.001, 0.999)": 8, "(0.001, 0.001, 0.001, 0.001, 0.999, 0.001, 0.001, 0.001, 0.999, 0.001, 0.001, 0.001, 0.999, 0.999, 0.999, 0.001)": 30, "(0.001, 0.999, 0.001, 0.999, 0.999, 0.001, 0.001, 0.001, 0.999, 0.999, 0.001, 0.001, 0.999, 0.999, 0.999, 0.001)": 6, "(0.001, 0.999, 0.001, 0.001, 0.001, 0.001, 0.001, 0.999, 0.001, 0.001, 0.999, 0.001, 0.001, 0.001, 0.001, 0.999)": 11, "(0.001, 0.001, 0.001, 0.001, 0.001, 0.999, 0.999, 0.001, 0.999, 0.001, 0.999, 0.001, 0.999, 0.999, 0.999, 0.001)": 29, "(0.999, 0.001, 0.001, 0.999, 0.999, 0.999, 0.999, 0.001, 0.001, 0.001, 0.999, 0.999, 0.999, 0.001, 0.001, 0.001)": 9, "(0.001, 0.001, 0.999, 0.001, 0.001, 0.001, 0.001, 0.001, 0.999, 0.999, 0.999, 0.999, 0.999, 0.001, 0.001, 0.999)": 8, "(0.999, 0.001, 0.999, 0.001, 0.001, 0.999, 0.999, 0.999, 0.001, 0.999, 0.999, 0.001, 0.001, 0.999, 0.999, 0.001)": 8, "(0.001, 0.001, 0.001, 0.999, 0.999, 0.999, 0.999, 0.001, 0.999, 0.999, 0.999, 0.001, 0.999, 0.999, 0.999, 0.999)": 17, "(0.001, 0.999, 0.001, 0.001, 0.001, 0.999, 0.999, 0.001, 0.999, 0.999, 0.999, 0.999, 0.001, 0.999, 0.999, 0.999)": 3, "(0.001, 0.999, 0.001, 0.001, 0.001, 0.999, 0.001, 0.001, 0.999, 0.001, 0.999, 0.999, 0.999, 0.001, 0.999, 0.001)": 85, "(0.001, 0.001, 0.001, 0.001, 0.999, 0.999, 0.001, 0.001, 0.999, 0.001, 0.999, 0.999, 0.999, 0.001, 0.001, 0.999)": 43, "(0.999, 0.001, 0.999, 0.001, 0.999, 0.001, 0.001, 0.001, 0.001, 0.001, 0.001, 0.999, 0.999, 0.999, 0.001, 0.999)": 13, "(0.001, 0.999, 0.001, 0.001, 0.999, 0.999, 0.999, 0.999, 0.001, 0.001, 0.999, 0.001, 0.001, 0.999, 0.001, 0.999)": 1, "(0.001, 0.999, 0.001, 0.999, 0.999, 0.001, 0.001, 0.001, 0.001, 0.999, 0.001, 0.001, 0.001, 0.001, 0.999, 0.999)": 3, "(0.999, 0.001, 0.001, 0.999, 0.001, 0.999, 0.001, 0.001, 0.001, 0.001, 0.999, 0.999, 0.001, 0.999, 0.001, 0.999)": 1, "(0.001, 0.001, 0.001, 0.001, 0.999, 0.001, 0.001, 0.999, 0.001, 0.999, 0.001, 0.999, 0.001, 0.999, 0.001, 0.999)": 33, "(0.999, 0.001, 0.001, 0.001, 0.001, 0.001, 0.001, 0.001, 0.001, 0.999, 0.999, 0.001, 0.001, 0.001, 0.001, 0.001)": 281, "(0.999, 0.001, 0.999, 0.001, 0.999, 0.999, 0.001, 0.001, 0.001, 0.999, 0.001, 0.001, 0.999, 0.999, 0.999, 0.001)": 8, "(0.999, 0.999, 0.999, 0.001, 0.999, 0.999, 0.001, 0.999, 0.001, 0.001, 0.001, 0.999, 0.999, 0.001, 0.001, 0.001)": 1, "(0.001, 0.999, 0.999, 0.999, 0.999, 0.001, 0.999, 0.001, 0.001, 0.001, 0.001, 0.001, 0.001, 0.001, 0.999, 0.001)": 1, "(0.001, 0.001, 0.999, 0.001, 0.001, 0.999, 0.999, 0.001, 0.001, 0.001, 0.999, 0.999, 0.001, 0.001, 0.001, 0.999)": 2, "(0.999, 0.999, 0.999, 0.001, 0.001, 0.001, 0.001, 0.999, 0.001, 0.999, 0.001, 0.001, 0.999, 0.001, 0.001, 0.999)": 10, "(0.999, 0.999, 0.001, 0.001, 0.001, 0.001, 0.999, 0.999, 0.999, 0.999, 0.999, 0.001, 0.001, 0.999, 0.999, 0.999)": 1, "(0.001, 0.999, 0.001, 0.001, 0.999, 0.001, 0.001, 0.001, 0.999, 0.999, 0.999, 0.001, 0.999, 0.001, 0.999, 0.999)": 152, "(0.999, 0.001, 0.001, 0.001, 0.999, 0.999, 0.999, 0.001, 0.999, 0.999, 0.999, 0.999, 0.999, 0.001, 0.999, 0.001)": 1, "(0.001, 0.999, 0.999, 0.999, 0.999, 0.001, 0.999, 0.999, 0.999, 0.001, 0.001, 0.999, 0.999, 0.001, 0.001, 0.999)": 1, "(0.999, 0.999, 0.001, 0.001, 0.001, 0.001, 0.999, 0.999, 0.999, 0.001, 0.999, 0.001, 0.001, 0.001, 0.999, 0.001)": 2, "(0.999, 0.999, 0.999, 0.001, 0.001, 0.999, 0.999, 0.999, 0.999, 0.001, 0.999, 0.001, 0.999, 0.999, 0.999, 0.001)": 1, "(0.001, 0.001, 0.001, 0.999, 0.001, 0.001, 0.999, 0.999, 0.001, 0.001, 0.001, 0.999, 0.999, 0.999, 0.001, 0.001)": 3, "(0.999, 0.999, 0.001, 0.001, 0.001, 0.001, 0.001, 0.001, 0.001, 0.001, 0.999, 0.999, 0.001, 0.999, 0.999, 0.001)": 159, "(0.999, 0.001, 0.999, 0.001, 0.001, 0.001, 0.999, 0.999, 0.001, 0.001, 0.999, 0.999, 0.001, 0.001, 0.001, 0.999)": 2, "(0.999, 0.001, 0.999, 0.001, 0.999, 0.001, 0.999, 0.001, 0.001, 0.999, 0.001, 0.001, 0.999, 0.999, 0.999, 0.999)": 35, "(0.999, 0.999, 0.001, 0.001, 0.999, 0.999, 0.999, 0.001, 0.999, 0.001, 0.999, 0.001, 0.999, 0.001, 0.001, 0.999)": 62, "(0.999, 0.001, 0.001, 0.001, 0.001, 0.999, 0.001, 0.999, 0.999, 0.999, 0.001, 0.999, 0.999, 0.999, 0.999, 0.999)": 25, "(0.999, 0.999, 0.001, 0.999, 0.001, 0.001, 0.999, 0.001, 0.999, 0.001, 0.001, 0.999, 0.001, 0.999, 0.001, 0.001)": 3, "(0.001, 0.001, 0.001, 0.001, 0.999, 0.001, 0.999, 0.999, 0.001, 0.001, 0.999, 0.999, 0.001, 0.999, 0.999, 0.001)": 8, "(0.999, 0.001, 0.999, 0.001, 0.001, 0.999, 0.001, 0.999, 0.001, 0.999, 0.999, 0.001, 0.001, 0.999, 0.001, 0.001)": 14, "(0.999, 0.999, 0.001, 0.999, 0.001, 0.001, 0.999, 0.001, 0.001, 0.999, 0.001, 0.001, 0.001, 0.001, 0.999, 0.001)": 5, "(0.001, 0.999, 0.001, 0.001, 0.999, 0.001, 0.001, 0.001, 0.001, 0.999, 0.999, 0.001, 0.999, 0.001, 0.001, 0.001)": 24, "(0.999, 0.999, 0.999, 0.999, 0.999, 0.001, 0.001, 0.001, 0.999, 0.001, 0.001, 0.001, 0.001, 0.001, 0.999, 0.001)": 1, "(0.999, 0.999, 0.001, 0.001, 0.999, 0.999, 0.999, 0.999, 0.001, 0.001, 0.999, 0.001, 0.999, 0.999, 0.999, 0.001)": 3, "(0.001, 0.001, 0.999, 0.999, 0.001, 0.001, 0.001, 0.001, 0.999, 0.001, 0.999, 0.001, 0.001, 0.001, 0.001, 0.001)": 3, "(0.999, 0.999, 0.001, 0.001, 0.001, 0.999, 0.001, 0.001, 0.999, 0.001, 0.999, 0.999, 0.999, 0.001, 0.999, 0.999)": 13, "(0.001, 0.001, 0.001, 0.001, 0.001, 0.001, 0.001, 0.001, 0.999, 0.999, 0.999, 0.001, 0.999, 0.001, 0.999, 0.999)": 247, "(0.999, 0.001, 0.999, 0.001, 0.999, 0.001, 0.999, 0.001, 0.001, 0.999, 0.001, 0.999, 0.999, 0.001, 0.001, 0.999)": 7, "(0.001, 0.001, 0.999, 0.999, 0.999, 0.999, 0.999, 0.001, 0.999, 0.001, 0.001, 0.999, 0.001, 0.999, 0.001, 0.999)": 4, "(0.001, 0.001, 0.001, 0.001, 0.999, 0.999, 0.001, 0.001, 0.001, 0.001, 0.001, 0.999, 0.999, 0.001, 0.999, 0.001)": 5, "(0.999, 0.999, 0.999, 0.001, 0.999, 0.001, 0.001, 0.001, 0.001, 0.999, 0.001, 0.999, 0.001, 0.001, 0.001, 0.999)": 2, "(0.999, 0.999, 0.999, 0.001, 0.001, 0.001, 0.999, 0.999, 0.999, 0.001, 0.001, 0.001, 0.999, 0.999, 0.001, 0.999)": 175, "(0.999, 0.999, 0.999, 0.001, 0.999, 0.001, 0.999, 0.999, 0.999, 0.001, 0.999, 0.999, 0.999, 0.999, 0.999, 0.001)": 185, "(0.001, 0.001, 0.001, 0.999, 0.001, 0.999, 0.001, 0.001, 0.999, 0.001, 0.999, 0.001, 0.999, 0.001, 0.999, 0.001)": 20, "(0.999, 0.001, 0.999, 0.001, 0.999, 0.999, 0.001, 0.999, 0.001, 0.001, 0.999, 0.999, 0.001, 0.999, 0.001, 0.001)": 2, "(0.001, 0.001, 0.001, 0.999, 0.001, 0.001, 0.001, 0.001, 0.999, 0.999, 0.999, 0.001, 0.001, 0.001, 0.001, 0.001)": 1, "(0.999, 0.001, 0.999, 0.999, 0.001, 0.999, 0.999, 0.001, 0.001, 0.001, 0.001, 0.999, 0.001, 0.999, 0.999, 0.999)": 10, "(0.999, 0.001, 0.999, 0.999, 0.001, 0.999, 0.001, 0.999, 0.999, 0.999, 0.999, 0.001, 0.001, 0.001, 0.001, 0.999)": 24, "(0.999, 0.999, 0.001, 0.001, 0.001, 0.001, 0.001, 0.999, 0.001, 0.999, 0.001, 0.001, 0.001, 0.001, 0.001, 0.999)": 8, "(0.999, 0.999, 0.999, 0.001, 0.001, 0.001, 0.999, 0.999, 0.999, 0.001, 0.001, 0.999, 0.999, 0.999, 0.999, 0.001)": 365, "(0.001, 0.001, 0.001, 0.999, 0.999, 0.001, 0.001, 0.001, 0.001, 0.999, 0.999, 0.999, 0.001, 0.001, 0.999, 0.001)": 1, "(0.999, 0.001, 0.001, 0.999, 0.001, 0.999, 0.999, 0.001, 0.999, 0.001, 0.001, 0.999, 0.999, 0.999, 0.001, 0.999)": 6511, "(0.999, 0.999, 0.001, 0.999, 0.001, 0.001, 0.001, 0.999, 0.999, 0.999, 0.001, 0.999, 0.999, 0.999, 0.001, 0.999)": 13, "(0.001, 0.999, 0.001, 0.999, 0.999, 0.999, 0.001, 0.001, 0.999, 0.999, 0.999, 0.999, 0.999, 0.001, 0.001, 0.001)": 1, "(0.001, 0.001, 0.999, 0.001, 0.001, 0.001, 0.001, 0.001, 0.001, 0.001, 0.001, 0.999, 0.001, 0.999, 0.001, 0.999)": 7, "(0.999, 0.001, 0.999, 0.999, 0.999, 0.001, 0.999, 0.999, 0.001, 0.999, 0.999, 0.001, 0.999, 0.999, 0.001, 0.001)": 2, "(0.999, 0.001, 0.999, 0.001, 0.999, 0.999, 0.999, 0.001, 0.999, 0.999, 0.001, 0.001, 0.999, 0.001, 0.001, 0.001)": 2334, "(0.999, 0.001, 0.999, 0.999, 0.999, 0.999, 0.999, 0.001, 0.999, 0.001, 0.001, 0.999, 0.999, 0.999, 0.999, 0.001)": 1584, "(0.999, 0.999, 0.999, 0.001, 0.999, 0.001, 0.999, 0.001, 0.999, 0.999, 0.999, 0.001, 0.999, 0.001, 0.001, 0.999)": 7, "(0.999, 0.001, 0.001, 0.001, 0.001, 0.999, 0.999, 0.999, 0.001, 0.001, 0.999, 0.001, 0.999, 0.001, 0.999, 0.001)": 5, "(0.001, 0.001, 0.999, 0.001, 0.999, 0.999, 0.999, 0.999, 0.001, 0.999, 0.001, 0.001, 0.999, 0.001, 0.999, 0.001)": 2, "(0.001, 0.999, 0.001, 0.999, 0.001, 0.001, 0.001, 0.001, 0.999, 0.001, 0.999, 0.999, 0.999, 0.001, 0.999, 0.001)": 1, "(0.001, 0.001, 0.999, 0.001, 0.001, 0.001, 0.999, 0.999, 0.999, 0.001, 0.001, 0.999, 0.999, 0.999, 0.001, 0.999)": 7, "(0.001, 0.001, 0.001, 0.001, 0.999, 0.001, 0.999, 0.001, 0.001, 0.001, 0.001, 0.001, 0.999, 0.999, 0.999, 0.001)": 8, "(0.999, 0.001, 0.001, 0.999, 0.001, 0.001, 0.999, 0.001, 0.999, 0.001, 0.001, 0.999, 0.999, 0.999, 0.001, 0.999)": 2019, "(0.999, 0.999, 0.999, 0.999, 0.001, 0.999, 0.001, 0.999, 0.999, 0.999, 0.001, 0.999, 0.999, 0.999, 0.999, 0.001)": 4, "(0.001, 0.001, 0.999, 0.001, 0.999, 0.001, 0.001, 0.999, 0.999, 0.001, 0.999, 0.999, 0.001, 0.001, 0.001, 0.001)": 1, "(0.999, 0.001, 0.001, 0.001, 0.