{"(0.001, 0.001, 0.001, 0.001, 0.001, 0.001, 0.001, 0.001, 0.001, 0.001, 0.001, 0.001, 0.001, 0.001, 0.001, 0.001)": 172, "(0.999, 0.999, 0.999, 0.999, 0.001, 0.001, 0.999, 0.001, 0.999, 0.999, 0.001, 0.999, 0.999, 0.999, 0.001, 0.999)": 1, "(0.001, 0.001, 0.001, 0.001, 0.001, 0.999, 0.001, 0.999, 0.001, 0.999, 0.001, 0.999, 0.999, 0.999, 0.001, 0.999)": 13, "(0.999, 0.999, 0.001, 0.001, 0.999, 0.001, 0.999, 0.001, 0.001, 0.999, 0.001, 0.001, 0.001, 0.999, 0.999, 0.001)": 5, "(0.001, 0.999, 0.001, 0.999, 0.001, 0.999, 0.999, 0.999, 0.999, 0.999, 0.001, 0.001, 0.999, 0.001, 0.999, 0.001)": 1, "(0.001, 0.999, 0.001, 0.001, 0.999, 0.999, 0.999, 0.001, 0.001, 0.001, 0.999, 0.001, 0.999, 0.999, 0.999, 0.999)": 3, "(0.001, 0.001, 0.001, 0.999, 0.001, 0.001, 0.999, 0.999, 0.999, 0.001, 0.001, 0.999, 0.001, 0.999, 0.999, 0.001)": 10, "(0.999, 0.001, 0.001, 0.001, 0.001, 0.999, 0.001, 0.001, 0.001, 0.999, 0.001, 0.001, 0.001, 0.001, 0.999, 0.999)": 16, "(0.999, 0.001, 0.001, 0.999, 0.001, 0.001, 0.001, 0.001, 0.999, 0.001, 0.001, 0.001, 0.001, 0.001, 0.001, 0.001)": 9, "(0.001, 0.999, 0.001, 0.999, 0.001, 0.001, 0.001, 0.001, 0.001, 0.999, 0.001, 0.999, 0.999, 0.999, 0.999, 0.999)": 6, "(0.999, 0.001, 0.001, 0.001, 0.999, 0.999, 0.999, 0.001, 0.999, 0.999, 0.999, 0.999, 0.001, 0.999, 0.999, 0.999)": 1, "(0.999, 0.001, 0.999, 0.999, 0.001, 0.001, 0.999, 0.001, 0.001, 0.001, 0.001, 0.999, 0.999, 0.001, 0.001, 0.001)": 2, "(0.999, 0.001, 0.999, 0.001, 0.001, 0.999, 0.999, 0.999, 0.999, 0.999, 0.999, 0.001, 0.999, 0.001, 0.001, 0.001)": 49, "(0.999, 0.001, 0.999, 0.999, 0.001, 0.999, 0.001, 0.999, 0.999, 0.001, 0.001, 0.999, 0.999, 0.001, 0.999, 0.001)": 1, "(0.001, 0.001, 0.001, 0.999, 0.001, 0.999, 0.999, 0.999, 0.999, 0.999, 0.999, 0.001, 0.999, 0.001, 0.999, 0.001)": 1, "(0.001, 0.999, 0.001, 0.001, 0.001, 0.999, 0.001, 0.999, 0.001, 0.001, 0.001, 0.999, 0.999, 0.001, 0.001, 0.999)": 2, "(0.999, 0.001, 0.999, 0.001, 0.001, 0.001, 0.001, 0.999, 0.001, 0.001, 0.999, 0.999, 0.999, 0.999, 0.999, 0.999)": 1, "(0.999, 0.999, 0.001, 0.001, 0.001, 0.999, 0.001, 0.999, 0.999, 0.999, 0.001, 0.001, 0.999, 0.999, 0.999, 0.001)": 1, "(0.001, 0.001, 0.001, 0.001, 0.001, 0.001, 0.999, 0.001, 0.999, 0.999, 0.999, 0.001, 0.999, 0.999, 0.999, 0.999)": 15, "(0.001, 0.001, 0.999, 0.999, 0.001, 0.001, 0.001, 0.999, 0.999, 0.001, 0.001, 0.999, 0.999, 0.001, 0.999, 0.999)": 4, "(0.001, 0.001, 0.001, 0.001, 0.999, 0.001, 0.001, 0.999, 0.001, 0.999, 0.999, 0.001, 0.999, 0.999, 0.999, 0.999)": 21, "(0.999, 0.999, 0.001, 0.999, 0.001, 0.001, 0.001, 0.999, 0.001, 0.001, 0.999, 0.001, 0.001, 0.999, 0.001, 0.001)": 10, "(0.001, 0.001, 0.999, 0.999, 0.001, 0.001, 0.001, 0.001, 0.001, 0.999, 0.999, 0.999, 0.001, 0.999, 0.999, 0.999)": 10, "(0.001, 0.001, 0.001, 0.001, 0.001, 0.001, 0.001, 0.999, 0.001, 0.999, 0.001, 0.999, 0.999, 0.001, 0.001, 0.999)": 9, "(0.001, 0.001, 0.999, 0.001, 0.001, 0.001, 0.999, 0.999, 0.001, 0.001, 0.999, 0.001, 0.999, 0.001, 0.999, 0.999)": 2, "(0.001, 0.001, 0.999, 0.001, 0.999, 0.001, 0.999, 0.001, 0.999, 0.999, 0.001, 0.999, 0.001, 0.999, 0.001, 0.999)": 4, "(0.999, 0.001, 0.001, 0.999, 0.999, 0.001, 0.001, 0.001, 0.999, 0.001, 0.999, 0.001, 0.001, 0.001, 0.999, 0.999)": 56, "(0.999, 0.001, 0.999, 0.001, 0.999, 0.999, 0.001, 0.001, 0.001, 0.999, 0.999, 0.001, 0.999, 0.999, 0.999, 0.999)": 9, "(0.999, 0.001, 0.999, 0.001, 0.001, 0.999, 0.999, 0.999, 0.001, 0.999, 0.001, 0.001, 0.999, 0.999, 0.999, 0.999)": 1, "(0.001, 0.001, 0.999, 0.999, 0.001, 0.001, 0.999, 0.999, 0.999, 0.999, 0.001, 0.001, 0.999, 0.001, 0.999, 0.999)": 3, "(0.999, 0.001, 0.999, 0.999, 0.001, 0.999, 0.999, 0.999, 0.001, 0.001, 0.001, 0.001, 0.001, 0.999, 0.001, 0.001)": 4, "(0.999, 0.999, 0.001, 0.999, 0.001, 0.999, 0.001, 0.999, 0.999, 0.001, 0.001, 0.999, 0.999, 0.999, 0.001, 0.001)": 1, "(0.001, 0.001, 0.001, 0.999, 0.999, 0.001, 0.001, 0.999, 0.999, 0.001, 0.001, 0.999, 0.999, 0.999, 0.999, 0.001)": 135, "(0.999, 0.999, 0.001, 0.001, 0.999, 0.001, 0.001, 0.001, 0.999, 0.999, 0.001, 0.999, 0.999, 0.001, 0.999, 0.999)": 30, "(0.001, 0.999, 0.001, 0.001, 0.001, 0.001, 0.001, 0.999, 0.999, 0.001, 0.999, 0.999, 0.999, 0.001, 0.001, 0.999)": 8, "(0.001, 0.999, 0.001, 0.001, 0.001, 0.001, 0.001, 0.001, 0.001, 0.999, 0.001, 0.001, 0.999, 0.001, 0.001, 0.999)": 106, "(0.999, 0.001, 0.999, 0.001, 0.999, 0.001, 0.999, 0.001, 0.999, 0.001, 0.001, 0.999, 0.001, 0.001, 0.001, 0.999)": 17, "(0.999, 0.001, 0.001, 0.001, 0.001, 0.999, 0.999, 0.001, 0.999, 0.001, 0.999, 0.999, 0.999, 0.999, 0.001, 0.001)": 9, "(0.999, 0.001, 0.999, 0.001, 0.999, 0.999, 0.999, 0.999, 0.999, 0.999, 0.999, 0.001, 0.999, 0.001, 0.001, 0.999)": 10, "(0.001, 0.001, 0.999, 0.999, 0.001, 0.999, 0.999, 0.999, 0.001, 0.999, 0.001, 0.001, 0.999, 0.999, 0.999, 0.001)": 1, "(0.999, 0.001, 0.001, 0.001, 0.001, 0.001, 0.001, 0.001, 0.001, 0.999, 0.999, 0.999, 0.001, 0.001, 0.001, 0.001)": 187, "(0.999, 0.999, 0.999, 0.999, 0.001, 0.001, 0.001, 0.001, 0.999, 0.001, 0.001, 0.999, 0.999, 0.001, 0.001, 0.999)": 5809, "(0.999, 0.999, 0.999, 0.999, 0.999, 0.001, 0.001, 0.999, 0.999, 0.001, 0.999, 0.001, 0.999, 0.999, 0.001, 0.999)": 3, "(0.999, 0.001, 0.001, 0.999, 0.001, 0.001, 0.001, 0.001, 0.999, 0.001, 0.001, 0.999, 0.999, 0.999, 0.999, 0.999)": 10493, "(0.999, 0.001, 0.001, 0.999, 0.001, 0.001, 0.999, 0.001, 0.999, 0.001, 0.001, 0.999, 0.999, 0.999, 0.999, 0.999)": 1464, "(0.999, 0.001, 0.001, 0.999, 0.999, 0.999, 0.999, 0.001, 0.999, 0.999, 0.001, 0.001, 0.999, 0.999, 0.999, 0.999)": 3678, "(0.999, 0.999, 0.001, 0.999, 0.001, 0.999, 0.999, 0.001, 0.999, 0.999, 0.001, 0.999, 0.999, 0.999, 0.999, 0.999)": 16, "(0.001, 0.001, 0.001, 0.999, 0.999, 0.001, 0.999, 0.999, 0.999, 0.999, 0.999, 0.999, 0.001, 0.999, 0.999, 0.999)": 4, "(0.001, 0.999, 0.001, 0.001, 0.001, 0.999, 0.001, 0.999, 0.001, 0.999, 0.999, 0.999, 0.001, 0.999, 0.999, 0.999)": 6, "(0.999, 0.999, 0.001, 0.999, 0.001, 0.001, 0.001, 0.001, 0.999, 0.001, 0.999, 0.999, 0.001, 0.001, 0.001, 0.001)": 44, "(0.999, 0.999, 0.999, 0.999, 0.001, 0.001, 0.001, 0.001, 0.001, 0.001, 0.999, 0.999, 0.001, 0.999, 0.999, 0.999)": 16, "(0.999, 0.999, 0.999, 0.001, 0.001, 0.999, 0.001, 0.001, 0.999, 0.001, 0.999, 0.999, 0.001, 0.999, 0.001, 0.999)": 10, "(0.999, 0.001, 0.001, 0.999, 0.001, 0.001, 0.001, 0.001, 0.999, 0.999, 0.001, 0.001, 0.001, 0.999, 0.999, 0.001)": 61, "(0.999, 0.999, 0.999, 0.999, 0.001, 0.001, 0.001, 0.001, 0.999, 0.001, 0.001, 0.999, 0.001, 0.999, 0.999, 0.999)": 6321, "(0.999, 0.999, 0.001, 0.999, 0.999, 0.001, 0.001, 0.001, 0.999, 0.001, 0.999, 0.001, 0.999, 0.999, 0.999, 0.999)": 138, "(0.999, 0.001, 0.001, 0.999, 0.001, 0.001, 0.001, 0.001, 0.999, 0.001, 0.001, 0.001, 0.999, 0.999, 0.999, 0.999)": 1372, "(0.999, 0.001, 0.999, 0.999, 0.001, 0.001, 0.001, 0.001, 0.999, 0.001, 0.001, 0.001, 0.001, 0.001, 0.001, 0.999)": 3435, "(0.999, 0.001, 0.001, 0.999, 0.001, 0.001, 0.001, 0.001, 0.999, 0.001, 0.999, 0.001, 0.001, 0.001, 0.999, 0.999)": 6944, "(0.999, 0.999, 0.001, 0.999, 0.999, 0.001, 0.001, 0.999, 0.999, 0.001, 0.001, 0.999, 0.999, 0.999, 0.999, 0.999)": 714, "(0.999, 0.999, 0.999, 0.999, 0.001, 0.001, 0.999, 0.001, 0.999, 0.001, 0.999, 0.001, 0.001, 0.999, 0.999, 0.999)": 193, "(0.999, 0.999, 0.999, 0.001, 0.999, 0.999, 0.001, 0.001, 0.999, 0.999, 0.999, 0.999, 0.999, 0.999, 0.001, 0.999)": 83, "(0.001, 0.001, 0.001, 0.999, 0.001, 0.001, 0.001, 0.999, 0.999, 0.999, 0.999, 0.001, 0.999, 0.999, 0.001, 0.999)": 15, "(0.999, 0.999, 0.001, 0.001, 0.001, 0.001, 0.999, 0.001, 0.999, 0.999, 0.999, 0.999, 0.001, 0.999, 0.999, 0.001)": 8, "(0.999, 0.999, 0.001, 0.001, 0.001, 0.001, 0.999, 0.001, 0.999, 0.001, 0.999, 0.999, 0.001, 0.001, 0.999, 0.999)": 60, "(0.999, 0.999, 0.001, 0.001, 0.999, 0.001, 0.001, 0.999, 0.999, 0.999, 0.001, 0.001, 0.999, 0.001, 0.999, 0.001)": 19, "(0.001, 0.001, 0.001, 0.999, 0.999, 0.999, 0.999, 0.999, 0.999, 0.001, 0.999, 0.999, 0.999, 0.999, 0.999, 0.999)": 3, "(0.001, 0.001, 0.001, 0.001, 0.001, 0.001, 0.001, 0.999, 0.999, 0.999, 0.001, 0.999, 0.999, 0.999, 0.001, 0.999)": 17, "(0.999, 0.001, 0.001, 0.999, 0.999, 0.001, 0.001, 0.001, 0.001, 0.001, 0.001, 0.999, 0.001, 0.001, 0.001, 0.001)": 31, "(0.999, 0.999, 0.999, 0.001, 0.999, 0.001, 0.001, 0.001, 0.999, 0.999, 0.999, 0.001, 0.999, 0.001, 0.999, 0.001)": 2, "(0.001, 0.999, 0.999, 0.001, 0.999, 0.999, 0.999, 0.999, 0.999, 0.001, 0.999, 0.999, 0.999, 0.999, 0.999, 0.001)": 1, "(0.999, 0.001, 0.999, 0.999, 0.001, 0.001, 0.001, 0.999, 0.001, 0.001, 0.001, 0.999, 0.999, 0.001, 0.999, 0.001)": 19, "(0.001, 0.001, 0.001, 0.999, 0.001, 0.999, 0.999, 0.999, 0.001, 0.001, 0.999, 0.001, 0.999, 0.999, 0.001, 0.001)": 2, "(0.001, 0.001, 0.001, 0.001, 0.999, 0.999, 0.999, 0.999, 0.999, 0.001, 0.001, 0.001, 0.999, 0.999, 0.001, 0.001)": 2, "(0.999, 0.999, 0.001, 0.999, 0.001, 0.999, 0.999, 0.999, 0.999, 0.999, 0.999, 0.999, 0.001, 0.001, 0.999, 0.999)": 9, "(0.999, 0.001, 0.001, 0.001, 0.001, 0.999, 0.999, 0.999, 0.999, 0.999, 0.999, 0.001, 0.001, 0.001, 0.001, 0.999)": 2, "(0.001, 0.001, 0.001, 0.999, 0.999, 0.999, 0.001, 0.001, 0.999, 0.999, 0.001, 0.999, 0.001, 0.001, 0.999, 0.999)": 3, "(0.999, 0.999, 0.999, 0.001, 0.001, 0.001, 0.001, 0.999, 0.999, 0.999, 0.001, 0.999, 0.999, 0.001, 0.001, 0.001)": 56, "(0.001, 0.001, 0.001, 0.999, 0.999, 0.001, 0.999, 0.999, 0.999, 0.001, 0.999, 0.999, 0.999, 0.001, 0.001, 0.001)": 42, "(0.001, 0.001, 0.999, 0.001, 0.001, 0.001, 0.001, 0.001, 0.999, 0.999, 0.001, 0.999, 0.999, 0.001, 0.999, 0.999)": 36, "(0.001, 0.001, 0.999, 0.999, 0.999, 0.001, 0.999, 0.001, 0.001, 0.001, 0.001, 0.999, 0.999, 0.999, 0.001, 0.001)": 24, "(0.001, 0.001, 0.001, 0.001, 0.999, 0.999, 0.999, 0.999, 0.999, 0.999, 0.001, 0.999, 0.999, 0.001, 0.999, 0.999)": 2, "(0.001, 0.001, 0.001, 0.001, 0.001, 0.001, 0.999, 0.999, 0.999, 0.999, 0.999, 0.001, 0.001, 0.999, 0.001, 0.999)": 14, "(0.001, 0.001, 0.999, 0.001, 0.001, 0.999, 0.001, 0.001, 0.001, 0.999, 0.001, 0.001, 0.001, 0.999, 0.001, 0.999)": 41, "(0.999, 0.999, 0.001, 0.001, 0.001, 0.001, 0.001, 0.001, 0.999, 0.001, 0.001, 0.001, 0.001, 0.999, 0.001, 0.999)": 72, "(0.999, 0.999, 0.999, 0.999, 0.001, 0.001, 0.999, 0.001, 0.999, 0.999, 0.999, 0.001, 0.001, 0.999, 0.999, 0.001)": 13, "(0.001, 0.001, 0.999, 0.999, 0.999, 0.999, 0.001, 0.001, 0.999, 0.999, 0.999, 0.001, 0.999, 0.999, 0.001, 0.999)": 5, "(0.001, 0.999, 0.999, 0.001, 0.001, 0.999, 0.001, 0.999, 0.001, 0.999, 0.999, 0.999, 0.001, 0.001, 0.001, 0.999)": 8, "(0.999, 0.001, 0.001, 0.999, 0.999, 0.001, 0.001, 0.999, 0.001, 0.999, 0.001, 0.001, 0.999, 0.001, 0.999, 0.999)": 3, "(0.001, 0.999, 0.999, 0.999, 0.001, 0.001, 0.001, 0.999, 0.001, 0.001, 0.999, 0.999, 0.001, 0.999, 0.999, 0.999)": 5, "(0.999, 0.999, 0.999, 0.001, 0.999, 0.001, 0.001, 0.001, 0.999, 0.999, 0.999, 0.999, 0.001, 0.999, 0.001, 0.999)": 13, "(0.001, 0.001, 0.999, 0.001, 0.001, 0.001, 0.999, 0.001, 0.001, 0.999, 0.999, 0.999, 0.001, 0.999, 0.999, 0.001)": 16, "(0.999, 0.001, 0.999, 0.999, 0.001, 0.999, 0.999, 0.999, 0.001, 0.001, 0.001, 0.999, 0.999, 0.999, 0.001, 0.001)": 3, "(0.999, 0.001, 0.999, 0.999, 0.999, 0.001, 0.001, 0.999, 0.001, 0.001, 0.999, 0.001, 0.001, 0.999, 0.001, 0.999)": 1, "(0.999, 0.001, 0.001, 0.999, 0.001, 0.001, 0.001, 0.999, 0.001, 0.999, 0.001, 0.999, 0.001, 0.001, 0.001, 0.001)": 21, "(0.999, 0.001, 0.999, 0.001, 0.001, 0.001, 0.001, 0.001, 0.001, 0.999, 0.001, 0.999, 0.999, 0.999, 0.999, 0.001)": 28, "(0.999, 0.001, 0.001, 0.001, 0.001, 0.001, 0.001, 0.999, 0.999, 0.001, 0.001, 0.001, 0.001, 0.999, 0.999, 0.999)": 20, "(0.999, 0.999, 0.001, 0.001, 0.999, 0.001, 0.001, 0.001, 0.999, 0.001, 0.001, 0.999, 0.999, 0.001, 0.999, 0.001)": 115, "(0.999, 0.001, 0.001, 0.999, 0.999, 0.999, 0.999, 0.001, 0.999, 0.001, 0.999, 0.999, 0.999, 0.999, 0.999, 0.001)": 4016, "(0.999, 0.001, 0.001, 0.999, 0.001, 0.001, 0.001, 0.999, 0.999, 0.999, 0.001, 0.999, 0.999, 0.001, 0.999, 0.999)": 8112, "(0.999, 0.999, 0.999, 0.001, 0.001, 0.001, 0.001, 0.999, 0.999, 0.001, 0.001, 0.001, 0.999, 0.001, 0.999, 0.001)": 1101, "(0.999, 0.001, 0.999, 0.999, 0.001, 0.001, 0.001, 0.999, 0.999, 0.001, 0.001, 0.999, 0.999, 0.999, 0.999, 0.999)": 3323, "(0.999, 0.999, 0.999, 0.999, 0.001, 0.001, 0.001, 0.999, 0.999, 0.001, 0.001, 0.001, 0.999, 0.001, 0.001, 0.001)": 4781, "(0.999, 0.999, 0.999, 0.999, 0.999, 0.001, 0.001, 0.999, 0.999, 0.001, 0.999, 0.001, 0.999, 0.999, 0.999, 0.001)": 3137, "(0.999, 0.001, 0.999, 0.999, 0.999, 0.001, 0.001, 0.999, 0.999, 0.999, 0.001, 0.001, 0.999, 0.999, 0.001, 0.999)": 18284, "(0.999, 0.999, 0.999, 0.999, 0.001, 0.001, 0.001, 0.001, 0.999, 0.999, 0.999, 0.001, 0.001, 0.999, 0.001, 0.999)": 45, "(0.001, 0.999, 0.001, 0.001, 0.999, 0.001, 0.999, 0.999, 0.999, 0.999, 0.999, 0.001, 0.999, 0.999, 0.999, 0.999)": 2, "(0.001, 0.999, 0.999, 0.001, 0.001, 0.001, 0.001, 0.001, 0.999, 0.001, 0.999, 0.001, 0.999, 0.999, 0.999, 0.001)": 4, "(0.001, 0.001, 0.001, 0.001, 0.999, 0.999, 0.999, 0.001, 0.001, 0.999, 0.999, 0.001, 0.001, 0.999, 0.999, 0.999)": 1, "(0.001, 0.001, 0.999, 0.001, 0.001, 0.999, 0.001, 0.999, 0.999, 0.999, 0.999, 0.001, 0.001, 0.999, 0.001, 0.999)": 7, "(0.999, 0.999, 0.001, 0.001, 0.001, 0.001, 0.999, 0.001, 0.999, 0.999, 0.999, 0.999, 0.999, 0.999, 0.999, 0.999)": 11, "(0.001, 0.001, 0.001, 0.001, 0.001, 0.001, 0.999, 0.999, 0.999, 0.999, 0.999, 0.999, 0.999, 0.999, 0.999, 0.001)": 18, "(0.001, 0.001, 0.001, 0.999, 0.001, 0.001, 0.999, 0.001, 0.999, 0.001, 0.001, 0.001, 0.999, 0.999, 0.999, 0.999)": 11, "(0.999, 0.999, 0.001, 0.001, 0.001, 0.999, 0.001, 0.001, 0.999, 0.999, 0.999, 0.001, 0.999, 0.999, 0.999, 0.999)": 13, "(0.999, 0.001, 0.001, 0.001, 0.001, 0.001, 0.001, 0.001, 0.999, 0.001, 0.999, 0.999, 0.999, 0.001, 0.999, 0.999)": 12, "(0.001, 0.001, 0.999, 0.001, 0.999, 0.001, 0.999, 0.001, 0.001, 0.001, 0.999, 0.001, 0.001, 0.999, 0.001, 0.999)": 1, "(0.001, 0.001, 0.999, 0.001, 0.001, 0.999, 0.001, 0.999, 0.001, 0.999, 0.001, 0.001, 0.999, 0.999, 0.001, 0.001)": 4, "(0.001, 0.001, 0.999, 0.999, 0.001, 0.999, 0.001, 0.001, 0.999, 0.999, 0.999, 0.001, 0.999, 0.001, 0.001, 0.999)": 25, "(0.001, 0.999, 0.001, 0.001, 0.001, 0.001, 0.001, 0.001, 0.999, 0.999, 0.001, 0.999, 0.001, 0.999, 0.001, 0.999)": 55, "(0.001, 0.999, 0.001, 0.001, 0.001, 0.001, 0.001, 0.001, 0.001, 0.001, 0.001, 0.999, 0.999, 0.999, 0.001, 0.001)": 124, "(0.999, 0.999, 0.001, 0.999, 0.001, 0.001, 0.999, 0.001, 0.999, 0.999, 0.999, 0.001, 0.999, 0.001, 0.999, 0.001)": 3, "(0.001, 0.999, 0.001, 0.999, 0.999, 0.999, 0.999, 0.999, 0.999, 0.001, 0.999, 0.001, 0.999, 0.001, 0.999, 0.999)": 1, "(0.999, 0.001, 0.001, 0.001, 0.001, 0.999, 0.001, 0.001, 0.999, 0.999, 0.001, 0.001, 0.001, 0.999, 0.999, 0.999)": 21, "(0.999, 0.999, 0.001, 0.999, 0.999, 0.001, 0.001, 0.001, 0.001, 0.001, 0.999, 0.999, 0.001, 0.999, 0.001, 0.001)": 10, "(0.999, 0.001, 0.999, 0.999, 0.001, 0.999, 0.999, 0.999, 0.999, 0.001, 0.001, 0.999, 0.001, 0.999, 0.999, 0.999)": 7307, "(0.999, 0.999, 0.999, 0.999, 0.001, 0.999, 0.999, 0.001, 0.999, 0.999, 0.999, 0.001, 0.999, 0.999, 0.999, 0.999)": 3, "(0.001, 0.999, 0.001, 0.001, 0.001, 0.999, 0.001, 0.001, 0.001, 0.999, 0.001, 0.001, 0.999, 0.999, 0.999, 0.999)": 51, "(0.001, 0.001, 0.001, 0.001, 0.999, 0.001, 0.001, 0.001, 0.001, 0.999, 0.001, 0.001, 0.999, 0.001, 0.001, 0.999)": 59, "(0.999, 0.999, 0.001, 0.001, 0.001, 0.001, 0.999, 0.001, 0.999, 0.001, 0.001, 0.001, 0.999, 0.001, 0.001, 0.001)": 3, "(0.999, 0.999, 0.999, 0.001, 0.001, 0.001, 0.999, 0.999, 0.999, 0.999, 0.999, 0.001, 0.999, 0.999, 0.999, 0.999)": 7, "(0.001, 0.999, 0.001, 0.001, 0.999, 0.001, 0.001, 0.999, 0.999, 0.999, 0.999, 0.001, 0.001, 0.999, 0.999, 0.999)": 4, "(0.999, 0.999, 0.001, 0.001, 0.999, 0.001, 0.999, 0.001, 0.001, 0.001, 0.999, 0.001, 0.001, 0.001, 0.999, 0.999)": 70, "(0.999, 0.999, 0.999, 0.001, 0.999, 0.999, 0.001, 0.999, 0.999, 0.999, 0.999, 0.001, 0.999, 0.001, 0.001, 0.999)": 38, "(0.001, 0.001, 0.999, 0.999, 0.001, 0.999, 0.999, 0.001, 0.999, 0.999, 0.999, 0.999, 0.999, 0.001, 0.001, 0.999)": 22, "(0.001, 0.001, 0.999, 0.001, 0.001, 0.001, 0.001, 0.999, 0.001, 0.999, 0.001, 0.001, 0.001, 0.001, 0.001, 0.001)": 2, "(0.001, 0.001, 0.999, 0.999, 0.001, 0.001, 0.001, 0.001, 0.001, 0.999, 0.001, 0.999, 0.999, 0.999, 0.001, 0.999)": 44, "(0.001, 0.001, 0.999, 0.001, 0.001, 0.001, 0.001, 0.001, 0.001, 0.001, 0.001, 0.001, 0.999, 0.999, 0.999, 0.999)": 6, "(0.001, 0.001, 0.001, 0.001, 0.999, 0.999, 0.999, 0.999, 0.999, 0.999, 0.999, 0.999, 0.999, 0.999, 0.999, 0.001)": 4, "(0.999, 0.001, 0.001, 0.001, 0.001, 0.001, 0.001, 0.001, 0.999, 0.001, 0.999, 0.001, 0.999, 0.001, 0.001, 0.999)": 331, "(0.999, 0.001, 0.999, 0.999, 0.999, 0.001, 0.999, 0.001, 0.999, 0.999, 0.999, 0.001, 0.999, 0.999, 0.999, 0.001)": 3, "(0.999, 0.001, 0.999, 0.001, 0.999, 0.999, 0.999, 0.999, 0.999, 0.001, 0.999, 0.001, 0.999, 0.001, 0.999, 0.001)": 2499, "(0.999, 0.999, 0.999, 0.999, 0.001, 0.001, 0.999, 0.001, 0.999, 0.001, 0.999, 0.001, 0.999, 0.999, 0.999, 0.999)": 1897, "(0.999, 0.999, 0.999, 0.001, 0.999, 0.999, 0.001, 0.999, 0.999, 0.001, 0.999, 0.999, 0.999, 0.999, 0.999, 0.001)": 6, "(0.001, 0.999, 0.001, 0.999, 0.001, 0.999, 0.001, 0.999, 0.999, 0.999, 0.001, 0.999, 0.001, 0.001, 0.999, 0.999)": 1, "(0.999, 0.001, 0.001, 0.001, 0.001, 0.999, 0.999, 0.001, 0.999, 0.999, 0.999, 0.999, 0.999, 0.001, 0.999, 0.001)": 7, "(0.001, 0.999, 0.001, 0.999, 0.999, 0.001, 0.999, 0.999, 0.001, 0.001, 0.001, 0.999, 0.999, 0.001, 0.001, 0.001)": 3, "(0.001, 0.001, 0.001, 0.999, 0.001, 0.999, 0.001, 0.999, 0.001, 0.001, 0.999, 0.999, 0.999, 0.001, 0.001, 0.001)": 16, "(0.999, 0.999, 0.001, 0.999, 0.999, 0.001, 0.001, 0.001, 0.999, 0.001, 0.001, 0.999, 0.001, 0.999, 0.999, 0.999)": 8, "(0.999, 0.001, 0.999, 0.001, 0.999, 0.999, 0.001, 0.001, 0.999, 0.999, 0.999, 0.001, 0.999, 0.999, 0.001, 0.999)": 18, "(0.999, 0.999, 0.999, 0.001, 0.001, 0.999, 0.999, 0.001, 0.999, 0.999, 0.999, 0.001, 0.999, 0.999, 0.999, 0.001)": 6, "(0.001, 0.999, 0.001, 0.999, 0.999, 0.001, 0.999, 0.999, 0.999, 0.001, 0.001, 0.001, 0.999, 0.999, 0.999, 0.999)": 4, "(0.001, 0.999, 0.999, 0.001, 0.999, 0.001, 0.001, 0.001, 0.999, 0.999, 0.001, 0.001, 0.999, 0.001, 0.001, 0.001)": 10, "(0.999, 0.999, 0.001, 0.001, 0.001, 0.001, 0.999, 0.001, 0.001, 0.999, 0.001, 0.999, 0.001, 0.999, 0.999, 0.001)": 12, "(0.999, 0.001, 0.001, 0.001, 0.999, 0.001, 0.999, 0.001, 0.999, 0.999, 0.999, 0.001, 0.001, 0.001, 0.999, 0.001)": 33, "(0.999, 0.001, 0.999, 0.001, 0.999, 0.001, 0.999, 0.999, 0.999, 0.999, 0.999, 0.001, 0.001, 0.001, 0.999, 0.999)": 5, "(0.999, 0.001, 0.001, 0.001, 0.999, 0.001, 0.999, 0.001, 0.999, 0.001, 0.999, 0.999, 0.001, 0.999, 0.001, 0.999)": 9, "(0.001, 0.001, 0.999, 0.001, 0.999, 0.999, 0.001, 0.999, 0.999, 0.001, 0.001, 0.001, 0.999, 0.999, 0.001, 0.999)": 4, "(0.001, 0.999, 0.999, 0.999, 0.001, 0.001, 0.001, 0.999, 0.001, 0.001, 0.001, 0.999, 0.001, 0.999, 0.001, 0.001)": 10, "(0.001, 0.999, 0.001, 0.999, 0.001, 0.001, 0.999, 0.001, 0.001, 0.999, 0.999, 0.001, 0.999, 0.999, 0.999, 0.001)": 14, "(0.001, 0.999, 0.001, 0.001, 0.001, 0.001, 0.999, 0.001, 0.999, 0.001, 0.999, 0.999, 0.001, 0.001, 0.999, 0.001)": 42, "(0.999, 0.999, 0.001, 0.001, 0.001, 0.999, 0.001, 0.001, 0.001, 0.001, 0.999, 0.999, 0.001, 0.999, 0.999, 0.001)": 4, "(0.999, 0.001, 0.001, 0.999, 0.001, 0.001, 0.001, 0.001, 0.999, 0.001, 0.999, 0.001, 0.999, 0.999, 0.001, 0.001)": 49, "(0.999, 0.999, 0.001, 0.999, 0.001, 0.001, 0.001, 0.001, 0.001, 0.999, 0.999, 0.001, 0.999, 0.999, 0.001, 0.999)": 4, "(0.999, 0.001, 0.001, 0.001, 0.999, 0.001, 0.001, 0.001, 0.999, 0.001, 0.001, 0.999, 0.001, 0.001, 0.999, 0.999)": 19, "(0.999, 0.999, 0.999, 0.001, 0.999, 0.001, 0.001, 0.001, 0.999, 0.001, 0.001, 0.001, 0.999, 0.999, 0.999, 0.999)": 2, "(0.001, 0.001, 0.999, 0.001, 0.999, 0.001, 0.999, 0.999, 0.999, 0.999, 0.001, 0.001, 0.999, 0.999, 0.001, 0.001)": 9, "(0.001, 0.999, 0.999, 0.999, 0.001, 0.001, 0.999, 0.001, 0.999, 0.999, 0.001, 0.001, 0.999, 0.001, 0.999, 0.001)": 3, "(0.001, 0.001, 0.999, 0.999, 0.999, 0.999, 0.999, 0.999, 0.999, 0.999, 0.999, 0.999, 0.999, 0.999, 0.999, 0.001)": 4, "(0.999, 0.999, 0.001, 0.001, 0.001, 0.001, 0.001, 0.999, 0.999, 0.001, 0.001, 0.999, 0.999, 0.001, 0.999, 0.001)": 2555, "(0.999, 0.001, 0.001, 0.001, 0.999, 0.001, 0.999, 0.999, 0.999, 0.999, 0.999, 0.001, 0.999, 0.001, 0.001, 0.001)": 3478, "(0.999, 0.999, 0.001, 0.999, 0.001, 0.999, 0.999, 0.999, 0.999, 0.001, 0.001, 0.001, 0.999, 0.001, 0.001, 0.001)": 1279, "(0.999, 0.001, 0.001, 0.999, 0.999, 0.999, 0.999, 0.001, 0.999, 0.001, 0.001, 0.999, 0.999, 0.999, 0.999, 0.001)": 1248, "(0.999, 0.001, 0.999, 0.001, 0.999, 0.999, 0.999, 0.999, 0.999, 0.001, 0.999, 0.999, 0.999, 0.001, 0.999, 0.999)": 5148, "(0.999, 0.001, 0.001, 0.999, 0.001, 0.999, 0.999, 0.999, 0.999, 0.999, 0.999, 0.999, 0.999, 0.001, 0.001, 0.001)": 6834, "(0.999, 0.999, 0.001, 0.999, 0.001, 0.999, 0.999, 0.999, 0.999, 0.001, 0.001, 0.999, 0.999, 0.999, 0.001, 0.001)": 10, "(0.001, 0.001, 0.001, 0.999, 0.999, 0.999, 0.001, 0.001, 0.001, 0.001, 0.999, 0.001, 0.999, 0.999, 0.999, 0.999)": 6, "(0.001, 0.999, 0.001, 0.999, 0.001, 0.001, 0.001, 0.999, 0.001, 0.999, 0.999, 0.001, 0.001, 0.001, 0.001, 0.999)": 3, "(0.999, 0.001, 0.001, 0.001, 0.001, 0.001, 0.999, 0.001, 0.999, 0.999, 0.999, 0.999, 0.999, 0.001, 0.999, 0.999)": 2, "(0.001, 0.001, 0.999, 0.001, 0.001, 0.999, 0.001, 0.001, 0.001, 0.001, 0.999, 0.001, 0.999, 0.999, 0.001, 0.999)": 7, "(0.999, 0.001, 0.999, 0.999, 0.001, 0.999, 0.001, 0.001, 0.999, 0.999, 0.999, 0.001, 0.999, 0.001, 0.999, 0.999)": 5, "(0.999, 0.999, 0.999, 0.001, 0.001, 0.001, 0.001, 0.999, 0.999, 0.001, 0.999, 0.001, 0.999, 0.999, 0.999, 0.001)": 598, "(0.999, 0.001, 0.001, 0.999, 0.999, 0.001, 0.001, 0.999, 0.999, 0.001, 0.999, 0.999, 0.999, 0.999, 0.999, 0.001)": 27759, "(0.999, 0.001, 0.001, 0.001, 0.999, 0.999, 0.999, 0.999, 0.999, 0.999, 0.999, 0.001, 0.999, 0.999, 0.999, 0.999)": 497, "(0.999, 0.001, 0.001, 0.999, 0.999, 0.999, 0.001, 0.999, 0.999, 0.999, 0.001, 0.999, 0.999, 0.999, 0.999, 0.999)": 7289, "(0.999, 0.001, 0.001, 0.999, 0.999, 0.001, 0.001, 0.999, 0.999, 0.001, 0.999, 0.001, 0.999, 0.999, 0.999, 0.999)": 2374, "(0.999, 0.001, 0.999, 0.001, 0.999, 0.001, 0.001, 0.999, 0.999, 0.001, 0.001, 0.999, 0.999, 0.999, 0.001, 0.001)": 10855, "(0.999, 0.001, 0.999, 0.999, 0.001, 0.001, 0.001, 0.999, 0.999, 0.001, 0.001, 0.999, 0.999, 0.999, 0.001, 0.001)": 8023, "(0.999, 0.999, 0.001, 0.001, 0.001, 0.001, 0.001, 0.999, 0.999, 0.999, 0.001, 0.001, 0.999, 0.001, 0.001, 0.999)": 14, "(0.001, 0.001, 0.001, 0.001, 0.001, 0.999, 0.001, 0.999, 0.999, 0.001, 0.999, 0.001, 0.999, 0.999, 0.001, 0.999)": 3, "(0.999, 0.999, 0.999, 0.001, 0.001, 0.001, 0.001, 0.001, 0.999, 0.999, 0.999, 0.999, 0.001, 0.999, 0.001, 0.999)": 31, "(0.999, 0.001, 0.001, 0.999, 0.001, 0.001, 0.001, 0.999, 0.999, 0.999, 0.999, 0.001, 0.999, 0.999, 0.001, 0.999)": 1414, "(0.999, 0.999, 0.999, 0.001, 0.999, 0.001, 0.001, 0.999, 0.999, 0.001, 0.999, 0.001, 0.999, 0.999, 0.001, 0.001)": 702, "(0.999, 0.999, 0.999, 0.999, 0.001, 0.001, 0.001, 0.999, 0.999, 0.001, 0.001, 0.001, 0.999, 0.999, 0.001, 0.001)": 13721, "(0.999, 0.999, 0.999, 0.999, 0.001, 0.001, 0.001, 0.999, 0.999, 0.999, 0.999, 0.001, 0.999, 0.999, 0.001, 0.999)": 3, "(0.001, 0.999, 0.001, 0.001, 0.001, 0.001, 0.001, 0.001, 0.999, 0.001, 0.999, 0.001, 0.001, 0.999, 0.999, 0.999)": 14, "(0.001, 0.001, 0.999, 0.001, 0.999, 0.999, 0.999, 0.001, 0.001, 0.999, 0.999, 0.999, 0.001, 0.999, 0.999, 0.999)": 12, "(0.999, 0.999, 0.999, 0.001, 0.001, 0.999, 0.001, 0.001, 0.001, 0.001, 0.001, 0.999, 0.001, 0.001, 0.001, 0.001)": 21, "(0.001, 0.999, 0.999, 0.001, 0.001, 0.001, 0.001, 0.001, 0.001, 0.001, 0.999, 0.001, 0.001, 0.001, 0.999, 0.001)": 26, "(0.999, 0.999, 0.999, 0.999, 0.001, 0.001, 0.999, 0.001, 0.999, 0.999, 0.001, 0.999, 0.999, 0.999, 0.999, 0.001)": 8, "(0.001, 0.001, 0.001, 0.001, 0.001, 0.001, 0.999, 0.001, 0.001, 0.001, 0.999, 0.999, 0.001, 0.001, 0.999, 0.999)": 55, "(0.999, 0.001, 0.001, 0.999, 0.001, 0.001, 0.001, 0.001, 0.999, 0.001, 0.001, 0.001, 0.999, 0.001, 0.001, 0.999)": 1434, "(0.999, 0.001, 0.999, 0.999, 0.999, 0.001, 0.001, 0.001, 0.999, 0.999, 0.001, 0.001, 0.999, 0.001, 0.999, 0.999)": 3183, "(0.999, 0.001, 0.999, 0.999, 0.001, 0.001, 0.001, 0.999, 0.999, 0.001, 0.999, 0.999, 0.001, 0.999, 0.999, 0.999)": 4602, "(0.999, 0.999, 0.999, 0.999, 0.001, 0.001, 0.001, 0.999, 0.999, 0.001, 0.999, 0.001, 0.999, 0.001, 0.999, 0.999)": 205, "(0.999, 0.999, 0.001, 0.999, 0.001, 0.001, 0.001, 0.999, 0.999, 0.001, 0.001, 0.999, 0.999, 0.999, 0.999, 0.999)": 2067, "(0.999, 0.999, 0.001, 0.999, 0.001, 0.001, 0.001, 0.001, 0.999, 0.999, 0.001, 0.001, 0.999, 0.001, 0.999, 0.999)": 38, "(0.999, 0.999, 0.001, 0.001, 0.999, 0.001, 0.999, 0.999, 0.001, 0.999, 0.999, 0.999, 0.999, 0.001, 0.001, 0.999)": 11, "(0.001, 0.999, 0.999, 0.001, 0.999, 0.999, 0.999, 0.001, 0.999, 0.001, 0.999, 0.999, 0.999, 0.999, 0.999, 0.001)": 1, "(0.999, 0.999, 0.999, 0.999, 0.999, 0.001, 0.001, 0.999, 0.001, 0.001, 0.001, 0.001, 0.999, 0.999, 0.001, 0.999)": 9, "(0.999, 0.999, 0.999, 0.001, 0.001, 0.999, 0.001, 0.999, 0.001, 0.999, 0.001, 0.001, 0.999, 0.999, 0.999, 0.001)": 4, "(0.999, 0.001, 0.999, 0.999, 0.999, 0.999, 0.999, 0.001, 0.999, 0.001, 0.999, 0.001, 0.001, 0.999, 0.999, 0.001)": 1, "(0.999, 0.999, 0.001, 0.999, 0.999, 0.001, 0.001, 0.001, 0.999, 0.999, 0.001, 0.999, 0.001, 0.999, 0.001, 0.999)": 1, "(0.001, 0.001, 0.001, 0.001, 0.999, 0.001, 0.001, 0.001, 0.999, 0.999, 0.999, 0.001, 0.999, 0.001, 0.999, 0.999)": 35, "(0.001, 0.999, 0.001, 0.001, 0.001, 0.001, 0.999, 0.001, 0.001, 0.001, 0.999, 0.999, 0.999, 0.001, 0.999, 0.001)": 155, "(0.001, 0.999, 0.999, 0.999, 0.999, 0.001, 0.001, 0.999, 0.999, 0.001, 0.001, 0.999, 0.001, 0.001, 0.001, 0.999)": 2, "(0.001, 0.999, 0.999, 0.001, 0.999, 0.001, 0.001, 0.001, 0.001, 0.001, 0.001, 0.999, 0.001, 0.999, 0.999, 0.999)": 9, "(0.001, 0.999, 0.999, 0.001, 0.001, 0.999, 0.999, 0.001, 0.001, 0.999, 0.001, 0.999, 0.999, 0.999, 0.999, 0.999)": 4, "(0.999, 0.001, 0.001, 0.999, 0.999, 0.001, 0.001, 0.001, 0.999, 0.001, 0.999, 0.001, 0.001, 0.999, 0.999, 0.001)": 11, "(0.001, 0.999, 0.001, 0.999, 0.999, 0.001, 0.999, 0.001, 0.001, 0.001, 0.999, 0.001, 0.001, 0.999, 0.001, 0.999)": 3, "(0.999, 0.001, 0.999, 0.999, 0.001, 0.001, 0.999, 0.999, 0.999, 0.001, 0.999, 0.001, 0.999, 0.999, 0.999, 0.001)": 10, "(0.999, 0.999, 0.999, 0.001, 0.999, 0.999, 0.001, 0.999, 0.999, 0.001, 0.001, 0.001, 0.999, 0.999, 0.999, 0.999)": 67, "(0.001, 0.001, 0.999, 0.001, 0.001, 0.001, 0.001, 0.999, 0.999, 0.001, 0.999, 0.001, 0.999, 0.001, 0.999, 0.001)": 6, "(0.001, 0.001, 0.999, 0.999, 0.001, 0.001, 0.001, 0.001, 0.001, 0.999, 0.999, 0.999, 0.999, 0.999, 0.001, 0.999)": 5, "(0.999, 0.001, 0.001, 0.001, 0.001, 0.001, 0.001, 0.001, 0.001, 0.001, 0.001, 0.001, 0.001, 0.001, 0.999, 0.999)": 270, "(0.001, 0.001, 0.001, 0.999, 0.001, 0.001, 0.001, 0.001, 0.001, 0.001, 0.999, 0.999, 0.999, 0.001, 0.999, 0.001)": 89, "(0.001, 0.001, 0.999, 0.001, 0.999, 0.999, 0.001, 0.999, 0.999, 0.999, 0.999, 0.999, 0.001, 0.999, 0.001, 0.001)": 1, "(0.001, 0.001, 0.001, 0.001, 0.001, 0.999, 0.001, 0.001, 0.001, 0.999, 0.999, 0.001, 0.001, 0.999, 0.001, 0.001)": 13, "(0.001, 0.999, 0.001, 0.999, 0.999, 0.001, 0.001, 0.001, 0.001, 0.001, 0.001, 0.999, 0.001, 0.999, 0.001, 0.999)": 5, "(0.999, 0.999, 0.999, 0.001, 0.001, 0.999, 0.001, 0.001, 0.001, 0.001, 0.001, 0.001, 0.999, 0.999, 0.999, 0.999)": 4, "(0.999, 0.001, 0.999, 0.999, 0.999, 0.999, 0.001, 0.001, 0.999, 0.001, 0.001, 0.001, 0.001, 0.999, 0.001, 0.001)": 8, "(0.999, 0.999, 0.001, 0.001, 0.001, 0.001, 0.001, 0.001, 0.999, 0.999, 0.001, 0.001, 0.999, 0.001, 0.001, 0.999)": 4, "(0.999, 0.999, 0.001, 0.001, 0.001, 0.001, 0.001, 0.999, 0.999, 0.001, 0.999, 0.001, 0.999, 0.999, 0.001, 0.999)": 841, "(0.999, 0.999, 0.001, 0.001, 0.999, 0.001, 0.001, 0.999, 0.999, 0.001, 0.999, 0.001, 0.999, 0.999, 0.999, 0.999)": 6070, "(0.999, 0.001, 0.001, 0.999, 0.999, 0.999, 0.999, 0.999, 0.999, 0.999, 0.001, 0.999, 0.999, 0.999, 0.999, 0.001)": 4047, "(0.999, 0.999, 0.001, 0.999, 0.001, 0.001, 0.001, 0.001, 0.999, 0.001, 0.001, 0.999, 0.999, 0.001, 0.999, 0.999)": 5976, "(0.999, 0.999, 0.001, 0.999, 0.001, 0.001, 0.001, 0.001, 0.999, 0.999, 0.001, 0.999, 0.999, 0.999, 0.999, 0.999)": 7, "(0.999, 0.999, 0.001, 0.001, 0.001, 0.999, 0.001, 0.999, 0.001, 0.999, 0.999, 0.999, 0.001, 0.999, 0.001, 0.999)": 2, "(0.001, 0.999, 0.001, 0.001, 0.001, 0.999, 0.001, 0.001, 0.001, 0.001, 0.001, 0.001, 0.999, 0.001, 0.999, 0.001)": 4, "(0.001, 0.001, 0.999, 0.999, 0.001, 0.999, 0.001, 0.001, 0.001, 0.999, 0.001, 0.999, 0.001, 0.999, 0.001, 0.001)": 13, "(0.001, 0.999, 0.999, 0.999, 0.999, 0.001, 0.001, 0.001, 0.001, 0.001, 0.001, 0.001, 0.001, 0.999, 0.001, 0.999)": 2, "(0.001, 0.001, 0.999, 0.001, 0.999, 0.001, 0.001, 0.999, 0.999, 0.999, 0.999, 0.999, 0.999, 0.001, 0.999, 0.999)": 2, "(0.001, 0.001, 0.999, 0.001, 0.999, 0.001, 0.999, 0.999, 0.001, 0.999, 0.999, 0.001, 0.001, 0.999, 0.999, 0.001)": 16, "(0.999, 0.001, 0.001, 0.001, 0.001, 0.001, 0.999, 0.999, 0.001, 0.001, 0.999, 0.001, 0.001, 0.999, 0.001, 0.001)": 12, "(0.999, 0.001, 0.001, 0.999, 0.999, 0.001, 0.001, 0.001, 0.999, 0.999, 0.999, 0.001, 0.999, 0.999, 0.001, 0.001)": 2, "(0.999, 0.001, 0.999, 0.001, 0.999, 0.001, 0.999, 0.001, 0.001, 0.001, 0.999, 0.001, 0.999, 0.001, 0.001, 0.999)": 1, "(0.999, 0.001, 0.001, 0.999, 0.001, 0.999, 0.999, 0.001, 0.001, 0.999, 0.999, 0.001, 0.999, 0.999, 0.999, 0.999)": 25, "(0.001, 0.999, 0.001, 0.001, 0.001, 0.999, 0.999, 0.999, 0.999, 0.999, 0.001, 0.001, 0.999, 0.001, 0.001, 0.999)": 3, "(0.001, 0.999, 0.001, 0.001, 0.999, 0.001, 0.001, 0.001, 0.001, 0.001, 0.999, 0.001, 0.999, 0.001, 0.001, 0.999)": 480, "(0.999, 0.001, 0.999, 0.001, 0.001, 0.001, 0.999, 0.001, 0.001, 0.001, 0.001, 0.999, 0.999, 0.999, 0.001, 0.001)": 1, "(0.001, 0.001, 0.999, 0.001, 0.999, 0.999, 0.001, 0.999, 0.999, 0.999, 0.999, 0.001, 0.999, 0.999, 0.999, 0.001)": 7, "(0.001, 0.001, 0.001, 0.001, 0.001, 0.001, 0.999, 0.999, 0.001, 0.999, 0.001, 0.001, 0.001, 0.999, 0.001, 0.001)": 19, "(0.001, 0.001, 0.001, 0.999, 0.999, 0.001, 0.001, 0.001, 0.999, 0.999, 0.001, 0.001, 0.999, 0.001, 0.001, 0.999)": 8, "(0.999, 0.001, 0.001, 0.001, 0.999, 0.001, 0.001, 0.999, 0.001, 0.001, 0.001, 0.999, 0.999, 0.999, 0.001, 0.999)": 53, "(0.001, 0.999, 0.999, 0.001, 0.001, 0.001, 0.001, 0.999, 0.999, 0.001, 0.001, 0.999, 0.999, 0.999, 0.001, 0.001)": 2, "(0.001, 0.999, 0.001, 0.001, 0.001, 0.999, 0.001, 0.001, 0.999, 0.999, 0.001, 0.999, 0.999, 0.001, 0.999, 0.001)": 3, "(0.001, 0.001, 0.001, 0.001, 0.999, 0.001, 0.001, 0.001, 0.999, 0.001, 0.001, 0.999, 0.999, 0.001, 0.999, 0.999)": 109, "(0.999, 0.999, 0.001, 0.999, 0.001, 0.001, 0.999, 0.001, 0.999, 0.001, 0.999, 0.999, 0.001, 0.999, 0.999, 0.001)": 11, "(0.001, 0.001, 0.999, 0.999, 0.999, 0.001, 0.999, 0.001, 0.999, 0.001, 0.999, 0.999, 0.999, 0.999, 0.001, 0.001)": 11, "(0.999, 0.001, 0.001, 0.999, 0.001, 0.001, 0.001, 0.999, 0.999, 0.999, 0.001, 0.001, 0.001, 0.001, 0.001, 0.999)": 43351, "(0.999, 0.001, 0.001, 0.999, 0.999, 0.001, 0.999, 0.999, 0.999, 0.001, 0.001, 0.001, 0.999, 0.999, 0.999, 0.999)": 1724, "(0.999, 0.001, 0.999, 0.999, 0.001, 0.001, 0.001, 0.001, 0.999, 0.999, 0.001, 0.001, 0.001, 0.999, 0.999, 0.999)": 389, "(0.999, 0.001, 0.001, 0.999, 0.001, 0.001, 0.001, 0.999, 0.999, 0.001, 0.001, 0.001, 0.999, 0.001, 0.001, 0.999)": 5581, "(0.999, 0.999, 0.001, 0.999, 0.999, 0.001, 0.001, 0.001, 0.999, 0.001, 0.001, 0.999, 0.999, 0.999, 0.001, 0.999)": 3345, "(0.999, 0.999, 0.999, 0.999, 0.999, 0.001, 0.001, 0.001, 0.999, 0.999, 0.999, 0.999, 0.999, 0.001, 0.001, 0.999)": 2, "(0.001, 0.999, 0.001, 0.001, 0.999, 0.001, 0.999, 0.001, 0.999, 0.999, 0.999, 0.001, 0.001, 0.999, 0.999, 0.999)": 3, "(0.001, 0.001, 0.001, 0.999, 0.001, 0.001, 0.999, 0.001, 0.999, 0.001, 0.999, 0.001, 0.999, 0.999, 0.999, 0.999)": 2, "(0.999, 0.999, 0.001, 0.999, 0.001, 0.001, 0.001, 0.999, 0.001, 0.001, 0.001, 0.001, 0.001, 0.001, 0.001, 0.999)": 3, "(0.001, 0.999, 0.001, 0.001, 0.001, 0.001, 0.001, 0.999, 0.001, 0.001, 0.001, 0.999, 0.001, 0.001, 0.999, 0.999)": 4, "(0.999, 0.001, 0.999, 0.001, 0.001, 0.999, 0.001, 0.001, 0.001, 0.999, 0.999, 0.001, 0.001, 0.999, 0.001, 0.001)": 13, "(0.001, 0.999, 0.001, 0.001, 0.001, 0.001, 0.001, 0.001, 0.999, 0.001, 0.001, 0.999, 0.001, 0.001, 0.001, 0.999)": 56, "(0.999, 0.001, 0.999, 0.001, 0.999, 0.001, 0.999, 0.001, 0.001, 0.999, 0.999, 0.001, 0.001, 0.999, 0.999, 0.999)": 47, "(0.001, 0.001, 0.999, 0.001, 0.001, 0.999, 0.999, 0.999, 0.001, 0.001, 0.001, 0.999, 0.001, 0.999, 0.001, 0.999)": 7, "(0.001, 0.999, 0.999, 0.001, 0.001, 0.001, 0.999, 0.001, 0.999, 0.001, 0.999, 0.999, 0.001, 0.001, 0.001, 0.001)": 16, "(0.001, 0.999, 0.001, 0.001, 0.001, 0.001, 0.999, 0.999, 0.001, 0.999, 0.001, 0.999, 0.001, 0.999, 0.999, 0.001)": 1, "(0.001, 0.001, 0.999, 0.999, 0.999, 0.001, 0.001, 0.001, 0.999, 0.001, 0.999, 0.001, 0.001, 0.999, 0.001, 0.001)": 27, "(0.001, 0.999, 0.999, 0.999, 0.999, 0.001, 0.999, 0.001, 0.001, 0.001, 0.001, 0.999, 0.001, 0.001, 0.001, 0.999)": 2, "(0.999, 0.999, 0.999, 0.999, 0.001, 0.001, 0.001, 0.999, 0.001, 0.001, 0.001, 0.999, 0.001, 0.999, 0.001, 0.999)": 13, "(0.001, 0.001, 0.001, 0.001, 0.001, 0.999, 0.001, 0.001, 0.001, 0.001, 0.999, 0.999, 0.999, 0.999, 0.001, 0.999)": 12, "(0.001, 0.001, 0.001, 0.001, 0.999, 0.001, 0.001, 0.001, 0.999, 0.999, 0.999, 0.999, 0.999, 0.001, 0.001, 0.999)": 71, "(0.999, 0.001, 0.999, 0.001, 0.001, 0.001, 0.001, 0.999, 0.999, 0.999, 0.001, 0.999, 0.001, 0.001, 0.001, 0.999)": 16, "(0.001, 0.999, 0.999, 0.001, 0.999, 0.001, 0.001, 0.001, 0.001, 0.001, 0.999, 0.999, 0.999, 0.999, 0.001, 0.001)": 41, "(0.001, 0.999, 0.999, 0.001, 0.001, 0.001, 0.001, 0.001, 0.999, 0.999, 0.999, 0.001, 0.999, 0.999, 0.999, 0.999)": 3, "(0.999, 0.999, 0.001, 0.001, 0.999, 0.999, 0.999, 0.999, 0.999, 0.999, 0.999, 0.001, 0.999, 0.999, 0.001, 0.001)": 6, "(0.001, 0.999, 0.001, 0.001, 0.001, 0.001, 0.999, 0.001, 0.001, 0.999, 0.999, 0.999, 0.001, 0.999, 0.999, 0.999)": 10, "(0.999, 0.999, 0.001, 0.999, 0.999, 0.001, 0.999, 0.001, 0.999, 0.001, 0.999, 0.999, 0.001, 0.001, 0.999, 0.999)": 1, "(0.001, 0.001, 0.001, 0.001, 0.001, 0.001, 0.001, 0.999, 0.999, 0.001, 0.001, 0.001, 0.001, 0.001, 0.001, 0.999)": 9, "(0.001, 0.999, 0.001, 0.999, 0.999, 0.001, 0.999, 0.001, 0.001, 0.999, 0.001, 0.999, 0.999, 0.001, 0.001, 0.001)": 11, "(0.001, 0.001, 0.001, 0.001, 0.999, 0.999, 0.999, 0.999, 0.001, 0.001, 0.001, 0.999, 0.999, 0.999, 0.001, 0.001)": 3, "(0.999, 0.999, 0.001, 0.001, 0.999, 0.001, 0.999, 0.001, 0.001, 0.001, 0.001, 0.001, 0.999, 0.001, 0.999, 0.001)": 11, "(0.999, 0.001, 0.999, 0.001, 0.999, 0.999, 0.999, 0.001, 0.001, 0.999, 0.999, 0.001, 0.999, 0.001, 0.001, 0.001)": 16, "(0.999, 0.999, 0.001, 0.001, 0.001, 0.001, 0.001, 0.999, 0.001, 0.001, 0.001, 0.999, 0.999, 0.999, 0.999, 0.999)": 6, "(0.999, 0.999, 0.999, 0.001, 0.001, 0.001, 0.999, 0.999, 0.999, 0.001, 0.999, 0.001, 0.999, 0.999, 0.001, 0.999)": 39, "(0.999, 0.001, 0.001, 0.999, 0.001, 0.001, 0.001, 0.001, 0.999, 0.001, 0.001, 0.001, 0.001, 0.001, 0.999, 0.001)": 2, "(0.999, 0.999, 0.001, 0.999, 0.001, 0.001, 0.001, 0.001, 0.999, 0.001, 0.999, 0.001, 0.001, 0.001, 0.001, 0.999)": 5522, "(0.999, 0.001, 0.001, 0.999, 0.001, 0.001, 0.001, 0.999, 0.999, 0.999, 0.001, 0.999, 0.999, 0.999, 0.001, 0.999)": 947, "(0.999, 0.001, 0.999, 0.999, 0.999, 0.001, 0.001, 0.001, 0.999, 0.001, 0.001, 0.001, 0.999, 0.999, 0.999, 0.999)": 6960, "(0.999, 0.999, 0.999, 0.001, 0.999, 0.999, 0.001, 0.999, 0.999, 0.999, 0.999, 0.001, 0.999, 0.999, 0.999, 0.001)": 9, "(0.001, 0.001, 0.999, 0.999, 0.001, 0.001, 0.999, 0.999, 0.999, 0.999, 0.999, 0.999, 0.001, 0.999, 0.999, 0.001)": 25, "(0.999, 0.999, 0.001, 0.001, 0.999, 0.001, 0.001, 0.999, 0.999, 0.001, 0.999, 0.999, 0.999, 0.999, 0.999, 0.999)": 6, "(0.999, 0.001, 0.001, 0.001, 0.999, 0.999, 0.001, 0.999, 0.999, 0.999, 0.999, 0.001, 0.999, 0.999, 0.001, 0.999)": 3722, "(0.999, 0.999, 0.999, 0.001, 0.999, 0.001, 0.001, 0.999, 0.999, 0.001, 0.999, 0.999, 0.999, 0.001, 0.999, 0.001)": 9427, "(0.999, 0.999, 0.999, 0.999, 0.001, 0.001, 0.001, 0.999, 0.999, 0.999, 0.999, 0.001, 0.999, 0.999, 0.999, 0.001)": 3, "(0.001, 0.999, 0.999, 0.999, 0.001, 0.999, 0.001, 0.001, 0.999, 0.001, 0.999, 0.999, 0.999, 0.999, 0.999, 0.001)": 2, "(0.001, 0.001, 0.999, 0.001, 0.001, 0.999, 0.999, 0.001, 0.001, 0.001, 0.001, 0.999, 0.999, 0.999, 0.001, 0.999)": 8, "(0.999, 0.001, 0.999, 0.999, 0.001, 0.001, 0.001, 0.999, 0.999, 0.001, 0.001, 0.001, 0.001, 0.001, 0.999, 0.999)": 1679, "(0.999, 0.999, 0.999, 0.001, 0.999, 0.999, 0.999, 0.999, 0.999, 0.001, 0.999, 0.999, 0.999, 0.999, 0.001, 0.001)": 20, "(0.001, 0.001, 0.001, 0.001, 0.001, 0.999, 0.001, 0.001, 0.001, 0.001, 0.001, 0.001, 0.001, 0.999, 0.999, 0.999)": 16, "(0.001, 0.999, 0.999, 0.001, 0.001, 0.001, 0.001, 0.001, 0.001, 0.999, 0.999, 0.001, 0.001, 0.001, 0.001, 0.001)": 85, "(0.001, 0.999, 0.999, 0.999, 0.999, 0.001, 0.999, 0.001, 0.999, 0.999, 0.001, 0.999, 0.001, 0.001, 0.999, 0.999)": 1, "(0.999, 0.001, 0.001, 0.999, 0.001, 0.001, 0.999, 0.001, 0.999, 0.999, 0.001, 0.001, 0.999, 0.999, 0.999, 0.001)": 5, "(0.999, 0.999, 0.999, 0.999, 0.999, 0.999, 0.999, 0.999, 0.999, 0.001, 0.999, 0.999, 0.999, 0.999, 0.999, 0.001)": 34, "(0.001, 0.001, 0.001, 0.001, 0.001, 0.001, 0.001, 0.999, 0.999, 0.999, 0.999, 0.999, 0.001, 0.999, 0.999, 0.001)": 7, "(0.999, 0.001, 0.001, 0.999, 0.001, 0.001, 0.001, 0.999, 0.001, 0.999, 0.001, 0.001, 0.999, 0.999, 0.001, 0.999)": 56, "(0.999, 0.999, 0.001, 0.001, 0.001, 0.001, 0.001, 0.001, 0.999, 0.001, 0.999, 0.001, 0.999, 0.999, 0.001, 0.999)": 172, "(0.999, 0.999, 0.999, 0.001, 0.999, 0.001, 0.999, 0.001, 0.001, 0.001, 0.001, 0.999, 0.001, 0.999, 0.999, 0.001)": 6, "(0.001, 0.001, 0.001, 0.001, 0.001, 0.001, 0.999, 0.999, 0.001, 0.999, 0.001, 0.999, 0.999, 0.999, 0.999, 0.999)": 9, "(0.999, 0.001, 0.001, 0.001, 0.999, 0.001, 0.001, 0.999, 0.999, 0.001, 0.001, 0.001, 0.001, 0.001, 0.001, 0.999)": 13, "(0.999, 0.001, 0.999, 0.001, 0.001, 0.001, 0.001, 0.001, 0.999, 0.001, 0.001, 0.001, 0.001, 0.999, 0.001, 0.999)": 370, "(0.999, 0.001, 0.001, 0.999, 0.999, 0.001, 0.999, 0.001, 0.001, 0.001, 0.001, 0.999, 0.001, 0.001, 0.999, 0.001)": 24, "(0.999, 0.001, 0.999, 0.001, 0.001, 0.999, 0.999, 0.999, 0.001, 0.999, 0.999, 0.999, 0.999, 0.001, 0.001, 0.999)": 2, "(0.999, 0.001, 0.001, 0.001, 0.001, 0.001, 0.001, 0.001, 0.001, 0.001, 0.001, 0.999, 0.001, 0.999, 0.001, 0.999)": 311, "(0.999, 0.001, 0.999, 0.001, 0.999, 0.001, 0.999, 0.001, 0.999, 0.999, 0.001, 0.001, 0.999, 0.001, 0.001, 0.999)": 5, "(0.999, 0.001, 0.001, 0.999, 0.999, 0.999, 0.999, 0.999, 0.999, 0.001, 0.999, 0.001, 0.999, 0.001, 0.001, 0.999)": 543, "(0.001, 0.001, 0.999, 0.999, 0.999, 0.999, 0.999, 0.999, 0.999, 0.001, 0.001, 0.999, 0.999, 0.001, 0.999, 0.999)": 2, "(0.999, 0.001, 0.001, 0.999, 0.001, 0.001, 0.001, 0.001, 0.999, 0.999, 0.999, 0.999, 0.001, 0.001, 0.999, 0.001)": 4, "(0.999, 0.001, 0.001, 0.999, 0.999, 0.999, 0.999, 0.001, 0.999, 0.001, 0.001, 0.999, 0.001, 0.999, 0.999, 0.999)": 6, "(0.999, 0.999, 0.999, 0.999, 0.001, 0.999, 0.999, 0.001, 0.999, 0.999, 0.001, 0.999, 0.999, 0.001, 0.001, 0.999)": 27, "(0.001, 0.999, 0.999, 0.001, 0.001, 0.999, 0.999, 0.001, 0.999, 0.999, 0.999, 0.999, 0.999, 0.999, 0.999, 0.999)": 6, "(0.999, 0.001, 0.001, 0.999, 0.001, 0.001, 0.001, 0.999, 0.001, 0.999, 0.999, 0.999, 0.001, 0.001, 0.001, 0.001)": 7, "(0.001, 0.999, 0.001, 0.999, 0.999, 0.001, 0.001, 0.001, 0.999, 0.001, 0.999, 0.999, 0.001, 0.999, 0.001, 0.999)": 2, "(0.999, 0.001, 0.001, 0.001, 0.001, 0.001, 0.001, 0.999, 0.001, 0.999, 0.001, 0.001, 0.999, 0.999, 0.001, 0.999)": 23, "(0.999, 0.001, 0.001, 0.001, 0.999, 0.001, 0.001, 0.001, 0.999, 0.001, 0.001, 0.001, 0.999, 0.999, 0.999, 0.001)": 103, "(0.999, 0.999, 0.999, 0.999, 0.001, 0.001, 0.999, 0.001, 0.001, 0.001, 0.999, 0.999, 0.999, 0.999, 0.999, 0.999)": 24, "(0.001, 0.999, 0.001, 0.001, 0.999, 0.999, 0.001, 0.999, 0.001, 0.999, 0.999, 0.999, 0.999, 0.001, 0.001, 0.999)": 1, "(0.001, 0.001, 0.999, 0.999, 0.001, 0.001, 0.001, 0.999, 0.