{"(0.001, 0.001, 0.001, 0.001, 0.001, 0.001, 0.001, 0.001, 0.001, 0.001, 0.001, 0.001, 0.001, 0.001, 0.001, 0.001)": 88, "(0.001, 0.001, 0.999, 0.001, 0.001, 0.001, 0.999, 0.001, 0.001, 0.001, 0.999, 0.999, 0.001, 0.999, 0.999, 0.999)": 20, "(0.999, 0.001, 0.001, 0.999, 0.999, 0.999, 0.999, 0.001, 0.999, 0.001, 0.999, 0.001, 0.001, 0.999, 0.999, 0.999)": 28, "(0.001, 0.001, 0.001, 0.001, 0.001, 0.001, 0.999, 0.999, 0.001, 0.999, 0.999, 0.001, 0.999, 0.001, 0.001, 0.001)": 3, "(0.001, 0.001, 0.001, 0.001, 0.001, 0.999, 0.001, 0.001, 0.999, 0.001, 0.999, 0.999, 0.999, 0.999, 0.001, 0.999)": 7, "(0.001, 0.999, 0.999, 0.999, 0.999, 0.001, 0.001, 0.001, 0.999, 0.001, 0.001, 0.001, 0.001, 0.999, 0.001, 0.001)": 32, "(0.001, 0.999, 0.001, 0.001, 0.001, 0.001, 0.999, 0.001, 0.999, 0.001, 0.999, 0.001, 0.999, 0.999, 0.001, 0.999)": 3, "(0.001, 0.001, 0.001, 0.999, 0.001, 0.001, 0.999, 0.001, 0.999, 0.001, 0.999, 0.001, 0.001, 0.001, 0.999, 0.999)": 50, "(0.001, 0.001, 0.001, 0.001, 0.001, 0.001, 0.001, 0.999, 0.999, 0.001, 0.999, 0.001, 0.999, 0.001, 0.001, 0.999)": 8, "(0.999, 0.999, 0.999, 0.999, 0.001, 0.001, 0.001, 0.001, 0.999, 0.001, 0.999, 0.001, 0.001, 0.001, 0.999, 0.001)": 9, "(0.001, 0.001, 0.999, 0.999, 0.001, 0.999, 0.999, 0.999, 0.999, 0.999, 0.001, 0.999, 0.001, 0.999, 0.999, 0.999)": 8, "(0.999, 0.001, 0.001, 0.001, 0.001, 0.999, 0.999, 0.999, 0.999, 0.001, 0.999, 0.999, 0.001, 0.999, 0.999, 0.999)": 8, "(0.999, 0.001, 0.001, 0.999, 0.001, 0.001, 0.999, 0.999, 0.999, 0.001, 0.001, 0.001, 0.999, 0.001, 0.001, 0.001)": 2, "(0.001, 0.001, 0.001, 0.999, 0.999, 0.999, 0.001, 0.001, 0.001, 0.999, 0.999, 0.999, 0.999, 0.999, 0.999, 0.001)": 20, "(0.999, 0.001, 0.001, 0.001, 0.001, 0.001, 0.001, 0.001, 0.001, 0.999, 0.999, 0.999, 0.001, 0.001, 0.001, 0.001)": 79, "(0.001, 0.001, 0.001, 0.001, 0.001, 0.001, 0.001, 0.001, 0.999, 0.999, 0.999, 0.001, 0.999, 0.001, 0.999, 0.999)": 78, "(0.999, 0.001, 0.001, 0.001, 0.001, 0.999, 0.999, 0.001, 0.999, 0.001, 0.001, 0.999, 0.999, 0.999, 0.999, 0.001)": 8, "(0.999, 0.001, 0.999, 0.001, 0.001, 0.999, 0.999, 0.001, 0.999, 0.999, 0.999, 0.999, 0.999, 0.999, 0.001, 0.999)": 2, "(0.999, 0.999, 0.999, 0.999, 0.001, 0.999, 0.999, 0.999, 0.999, 0.999, 0.001, 0.999, 0.001, 0.999, 0.001, 0.999)": 1, "(0.001, 0.001, 0.001, 0.999, 0.001, 0.001, 0.001, 0.001, 0.999, 0.999, 0.999, 0.999, 0.999, 0.001, 0.999, 0.001)": 17, "(0.001, 0.999, 0.001, 0.999, 0.001, 0.001, 0.001, 0.001, 0.999, 0.001, 0.999, 0.999, 0.999, 0.999, 0.001, 0.999)": 39, "(0.001, 0.999, 0.999, 0.001, 0.999, 0.001, 0.001, 0.999, 0.999, 0.001, 0.001, 0.999, 0.999, 0.999, 0.999, 0.999)": 4, "(0.999, 0.001, 0.999, 0.001, 0.999, 0.001, 0.001, 0.999, 0.999, 0.001, 0.999, 0.999, 0.001, 0.999, 0.001, 0.001)": 12, "(0.001, 0.001, 0.999, 0.001, 0.999, 0.001, 0.001, 0.001, 0.001, 0.999, 0.001, 0.999, 0.001, 0.001, 0.001, 0.001)": 61, "(0.999, 0.999, 0.999, 0.999, 0.001, 0.001, 0.999, 0.001, 0.999, 0.999, 0.999, 0.001, 0.999, 0.999, 0.999, 0.001)": 2, "(0.999, 0.001, 0.001, 0.001, 0.999, 0.001, 0.999, 0.001, 0.999, 0.999, 0.999, 0.001, 0.001, 0.999, 0.999, 0.999)": 8, "(0.001, 0.999, 0.001, 0.001, 0.999, 0.999, 0.999, 0.001, 0.999, 0.999, 0.999, 0.001, 0.001, 0.001, 0.001, 0.001)": 1, "(0.001, 0.001, 0.001, 0.999, 0.999, 0.999, 0.001, 0.001, 0.999, 0.999, 0.001, 0.001, 0.001, 0.999, 0.999, 0.999)": 4, "(0.999, 0.999, 0.001, 0.001, 0.001, 0.001, 0.001, 0.001, 0.999, 0.999, 0.999, 0.001, 0.001, 0.999, 0.999, 0.999)": 76, "(0.001, 0.001, 0.001, 0.999, 0.001, 0.001, 0.999, 0.001, 0.999, 0.001, 0.999, 0.001, 0.001, 0.999, 0.999, 0.001)": 6, "(0.999, 0.001, 0.999, 0.999, 0.999, 0.001, 0.001, 0.999, 0.001, 0.001, 0.001, 0.999, 0.999, 0.001, 0.999, 0.001)": 52, "(0.999, 0.001, 0.999, 0.999, 0.999, 0.001, 0.001, 0.001, 0.999, 0.001, 0.001, 0.999, 0.999, 0.999, 0.001, 0.999)": 2736, "(0.999, 0.001, 0.999, 0.001, 0.001, 0.001, 0.001, 0.999, 0.999, 0.001, 0.001, 0.999, 0.001, 0.999, 0.001, 0.999)": 4, "(0.999, 0.001, 0.999, 0.001, 0.001, 0.999, 0.001, 0.001, 0.999, 0.999, 0.001, 0.001, 0.001, 0.999, 0.001, 0.999)": 2, "(0.001, 0.001, 0.001, 0.999, 0.999, 0.001, 0.001, 0.001, 0.001, 0.999, 0.001, 0.001, 0.999, 0.001, 0.001, 0.001)": 31, "(0.999, 0.999, 0.999, 0.999, 0.001, 0.001, 0.999, 0.001, 0.999, 0.001, 0.999, 0.999, 0.001, 0.001, 0.001, 0.999)": 8, "(0.999, 0.999, 0.999, 0.999, 0.001, 0.999, 0.001, 0.999, 0.999, 0.999, 0.001, 0.001, 0.001, 0.001, 0.999, 0.999)": 6, "(0.999, 0.999, 0.999, 0.001, 0.999, 0.001, 0.001, 0.999, 0.001, 0.001, 0.001, 0.999, 0.001, 0.001, 0.001, 0.999)": 6, "(0.999, 0.999, 0.999, 0.999, 0.999, 0.001, 0.999, 0.999, 0.999, 0.999, 0.001, 0.999, 0.999, 0.999, 0.999, 0.001)": 8, "(0.999, 0.999, 0.001, 0.001, 0.001, 0.999, 0.001, 0.999, 0.999, 0.001, 0.999, 0.999, 0.999, 0.999, 0.999, 0.999)": 5, "(0.001, 0.001, 0.001, 0.001, 0.001, 0.999, 0.001, 0.001, 0.999, 0.999, 0.001, 0.999, 0.999, 0.001, 0.999, 0.001)": 3, "(0.999, 0.999, 0.001, 0.999, 0.999, 0.001, 0.001, 0.001, 0.001, 0.999, 0.001, 0.001, 0.001, 0.001, 0.001, 0.001)": 6, "(0.001, 0.001, 0.001, 0.001, 0.001, 0.001, 0.999, 0.001, 0.001, 0.001, 0.999, 0.999, 0.999, 0.001, 0.999, 0.999)": 163, "(0.001, 0.001, 0.001, 0.999, 0.999, 0.001, 0.001, 0.999, 0.999, 0.001, 0.999, 0.999, 0.999, 0.001, 0.001, 0.001)": 93, "(0.999, 0.001, 0.001, 0.999, 0.999, 0.001, 0.001, 0.001, 0.999, 0.001, 0.999, 0.999, 0.999, 0.999, 0.999, 0.999)": 606, "(0.999, 0.001, 0.001, 0.999, 0.001, 0.999, 0.001, 0.001, 0.999, 0.999, 0.999, 0.001, 0.999, 0.999, 0.999, 0.999)": 239, "(0.001, 0.001, 0.001, 0.999, 0.001, 0.999, 0.001, 0.001, 0.999, 0.001, 0.001, 0.001, 0.001, 0.001, 0.001, 0.999)": 5, "(0.999, 0.999, 0.999, 0.001, 0.001, 0.999, 0.001, 0.999, 0.001, 0.001, 0.999, 0.999, 0.999, 0.001, 0.999, 0.999)": 1, "(0.999, 0.001, 0.999, 0.999, 0.001, 0.001, 0.001, 0.001, 0.999, 0.999, 0.999, 0.001, 0.999, 0.999, 0.999, 0.999)": 11, "(0.999, 0.999, 0.001, 0.001, 0.001, 0.001, 0.001, 0.999, 0.999, 0.001, 0.999, 0.999, 0.999, 0.999, 0.001, 0.001)": 278, "(0.999, 0.001, 0.001, 0.999, 0.999, 0.001, 0.001, 0.999, 0.999, 0.999, 0.999, 0.001, 0.999, 0.999, 0.999, 0.001)": 9204, "(0.999, 0.001, 0.001, 0.999, 0.999, 0.999, 0.999, 0.999, 0.999, 0.999, 0.001, 0.001, 0.999, 0.999, 0.001, 0.001)": 151, "(0.001, 0.001, 0.001, 0.001, 0.999, 0.001, 0.001, 0.001, 0.001, 0.999, 0.999, 0.001, 0.999, 0.999, 0.001, 0.999)": 717, "(0.999, 0.999, 0.001, 0.999, 0.001, 0.001, 0.999, 0.001, 0.001, 0.001, 0.001, 0.001, 0.001, 0.001, 0.001, 0.001)": 23, "(0.001, 0.001, 0.999, 0.999, 0.999, 0.001, 0.001, 0.999, 0.001, 0.999, 0.999, 0.999, 0.001, 0.001, 0.999, 0.999)": 1, "(0.001, 0.999, 0.999, 0.001, 0.001, 0.999, 0.001, 0.999, 0.999, 0.001, 0.001, 0.001, 0.001, 0.999, 0.001, 0.001)": 3, "(0.001, 0.999, 0.001, 0.001, 0.001, 0.001, 0.001, 0.999, 0.001, 0.001, 0.999, 0.999, 0.999, 0.001, 0.999, 0.001)": 1, "(0.001, 0.001, 0.999, 0.999, 0.001, 0.001, 0.999, 0.001, 0.001, 0.999, 0.999, 0.001, 0.999, 0.001, 0.999, 0.999)": 11, "(0.999, 0.999, 0.001, 0.001, 0.999, 0.001, 0.001, 0.001, 0.001, 0.001, 0.001, 0.999, 0.001, 0.001, 0.001, 0.999)": 257, "(0.999, 0.999, 0.001, 0.001, 0.001, 0.001, 0.999, 0.999, 0.999, 0.001, 0.001, 0.999, 0.999, 0.999, 0.999, 0.999)": 10, "(0.001, 0.999, 0.999, 0.999, 0.999, 0.001, 0.001, 0.001, 0.999, 0.999, 0.001, 0.001, 0.999, 0.999, 0.999, 0.001)": 4, "(0.999, 0.999, 0.001, 0.999, 0.001, 0.999, 0.999, 0.001, 0.001, 0.999, 0.999, 0.999, 0.001, 0.999, 0.999, 0.001)": 3, "(0.001, 0.999, 0.001, 0.001, 0.999, 0.001, 0.001, 0.001, 0.999, 0.001, 0.999, 0.001, 0.999, 0.999, 0.001, 0.999)": 384, "(0.999, 0.001, 0.999, 0.999, 0.001, 0.001, 0.001, 0.001, 0.001, 0.001, 0.999, 0.001, 0.999, 0.001, 0.999, 0.001)": 5, "(0.999, 0.001, 0.001, 0.001, 0.001, 0.001, 0.001, 0.999, 0.001, 0.999, 0.001, 0.001, 0.001, 0.999, 0.001, 0.999)": 7, "(0.001, 0.001, 0.001, 0.001, 0.001, 0.001, 0.999, 0.001, 0.999, 0.001, 0.999, 0.999, 0.999, 0.999, 0.999, 0.999)": 7, "(0.001, 0.999, 0.001, 0.999, 0.001, 0.001, 0.001, 0.999, 0.999, 0.001, 0.001, 0.999, 0.001, 0.999, 0.999, 0.999)": 41, "(0.999, 0.001, 0.001, 0.001, 0.001, 0.999, 0.001, 0.999, 0.999, 0.001, 0.001, 0.999, 0.999, 0.999, 0.001, 0.999)": 14, "(0.999, 0.999, 0.999, 0.001, 0.001, 0.001, 0.001, 0.999, 0.999, 0.999, 0.999, 0.001, 0.999, 0.999, 0.001, 0.999)": 2, "(0.999, 0.999, 0.001, 0.999, 0.001, 0.999, 0.001, 0.001, 0.001, 0.001, 0.999, 0.001, 0.999, 0.999, 0.999, 0.001)": 43, "(0.001, 0.001, 0.001, 0.999, 0.999, 0.001, 0.001, 0.001, 0.001, 0.001, 0.001, 0.999, 0.999, 0.001, 0.999, 0.001)": 29, "(0.001, 0.001, 0.001, 0.001, 0.999, 0.999, 0.999, 0.001, 0.999, 0.001, 0.999, 0.999, 0.999, 0.999, 0.999, 0.999)": 11, "(0.001, 0.001, 0.999, 0.001, 0.999, 0.999, 0.001, 0.001, 0.999, 0.001, 0.001, 0.001, 0.999, 0.001, 0.001, 0.001)": 6, "(0.999, 0.001, 0.999, 0.001, 0.001, 0.999, 0.001, 0.001, 0.001, 0.999, 0.999, 0.999, 0.001, 0.999, 0.999, 0.999)": 7, "(0.001, 0.001, 0.999, 0.999, 0.999, 0.001, 0.001, 0.999, 0.999, 0.999, 0.001, 0.999, 0.001, 0.999, 0.999, 0.999)": 1, "(0.999, 0.001, 0.001, 0.001, 0.001, 0.999, 0.001, 0.001, 0.999, 0.001, 0.001, 0.001, 0.001, 0.999, 0.001, 0.999)": 6, "(0.999, 0.999, 0.999, 0.999, 0.999, 0.001, 0.001, 0.001, 0.001, 0.999, 0.001, 0.999, 0.999, 0.999, 0.001, 0.001)": 5, "(0.999, 0.001, 0.001, 0.001, 0.001, 0.001, 0.001, 0.999, 0.999, 0.999, 0.999, 0.999, 0.999, 0.999, 0.999, 0.999)": 12, "(0.999, 0.001, 0.001, 0.999, 0.999, 0.001, 0.999, 0.001, 0.999, 0.999, 0.999, 0.001, 0.001, 0.001, 0.999, 0.001)": 16, "(0.001, 0.001, 0.999, 0.999, 0.999, 0.999, 0.001, 0.999, 0.001, 0.001, 0.999, 0.999, 0.999, 0.001, 0.001, 0.999)": 1, "(0.999, 0.999, 0.999, 0.001, 0.999, 0.001, 0.001, 0.001, 0.001, 0.001, 0.001, 0.999, 0.001, 0.001, 0.999, 0.001)": 3, "(0.999, 0.999, 0.999, 0.999, 0.999, 0.001, 0.999, 0.001, 0.999, 0.001, 0.001, 0.999, 0.999, 0.001, 0.001, 0.999)": 19, "(0.001, 0.001, 0.001, 0.999, 0.999, 0.999, 0.001, 0.999, 0.001, 0.999, 0.999, 0.999, 0.999, 0.001, 0.999, 0.999)": 9, "(0.999, 0.001, 0.001, 0.999, 0.001, 0.999, 0.001, 0.001, 0.001, 0.001, 0.999, 0.999, 0.001, 0.999, 0.001, 0.001)": 28, "(0.001, 0.001, 0.001, 0.001, 0.999, 0.001, 0.001, 0.001, 0.001, 0.001, 0.999, 0.999, 0.999, 0.999, 0.001, 0.001)": 177, "(0.999, 0.001, 0.999, 0.999, 0.001, 0.001, 0.001, 0.001, 0.999, 0.999, 0.001, 0.001, 0.001, 0.999, 0.001, 0.999)": 265, "(0.999, 0.999, 0.999, 0.001, 0.999, 0.001, 0.001, 0.999, 0.999, 0.999, 0.001, 0.001, 0.999, 0.999, 0.999, 0.999)": 11, "(0.999, 0.999, 0.001, 0.001, 0.999, 0.001, 0.001, 0.001, 0.999, 0.999, 0.999, 0.999, 0.999, 0.001, 0.999, 0.999)": 52, "(0.001, 0.001, 0.001, 0.001, 0.999, 0.999, 0.001, 0.999, 0.001, 0.001, 0.999, 0.999, 0.999, 0.999, 0.999, 0.999)": 2, "(0.999, 0.001, 0.001, 0.999, 0.999, 0.001, 0.001, 0.999, 0.999, 0.001, 0.001, 0.001, 0.001, 0.001, 0.001, 0.001)": 1, "(0.999, 0.999, 0.999, 0.999, 0.001, 0.001, 0.001, 0.999, 0.001, 0.001, 0.999, 0.001, 0.001, 0.999, 0.001, 0.999)": 5, "(0.999, 0.001, 0.001, 0.001, 0.001, 0.001, 0.001, 0.001, 0.999, 0.999, 0.001, 0.999, 0.001, 0.999, 0.001, 0.999)": 17, "(0.999, 0.001, 0.999, 0.001, 0.999, 0.001, 0.999, 0.001, 0.999, 0.001, 0.999, 0.001, 0.999, 0.001, 0.001, 0.001)": 2, "(0.999, 0.999, 0.001, 0.999, 0.999, 0.999, 0.999, 0.999, 0.999, 0.999, 0.999, 0.999, 0.999, 0.999, 0.001, 0.001)": 14, "(0.999, 0.001, 0.001, 0.001, 0.001, 0.001, 0.999, 0.001, 0.001, 0.999, 0.999, 0.001, 0.999, 0.001, 0.999, 0.999)": 22, "(0.001, 0.999, 0.001, 0.999, 0.001, 0.999, 0.001, 0.999, 0.999, 0.001, 0.999, 0.999, 0.999, 0.001, 0.999, 0.001)": 2, "(0.999, 0.999, 0.999, 0.001, 0.999, 0.001, 0.001, 0.001, 0.001, 0.001, 0.999, 0.999, 0.999, 0.999, 0.001, 0.001)": 2, "(0.001, 0.001, 0.001, 0.999, 0.001, 0.001, 0.999, 0.001, 0.999, 0.001, 0.001, 0.999, 0.001, 0.999, 0.001, 0.999)": 1, "(0.999, 0.999, 0.001, 0.999, 0.001, 0.001, 0.001, 0.999, 0.001, 0.999, 0.001, 0.999, 0.999, 0.999, 0.999, 0.999)": 8, "(0.001, 0.001, 0.001, 0.001, 0.999, 0.001, 0.001, 0.999, 0.001, 0.001, 0.999, 0.999, 0.999, 0.001, 0.001, 0.999)": 7, "(0.999, 0.001, 0.001, 0.999, 0.001, 0.001, 0.001, 0.001, 0.001, 0.999, 0.001, 0.001, 0.001, 0.001, 0.001, 0.001)": 68, "(0.001, 0.001, 0.001, 0.999, 0.001, 0.001, 0.999, 0.001, 0.999, 0.999, 0.999, 0.999, 0.001, 0.999, 0.999, 0.999)": 36, "(0.999, 0.001, 0.001, 0.001, 0.001, 0.001, 0.001, 0.999, 0.001, 0.999, 0.999, 0.999, 0.999, 0.999, 0.001, 0.999)": 11, "(0.001, 0.001, 0.999, 0.001, 0.999, 0.001, 0.999, 0.999, 0.999, 0.999, 0.001, 0.001, 0.999, 0.999, 0.001, 0.999)": 4, "(0.001, 0.001, 0.999, 0.001, 0.999, 0.999, 0.001, 0.001, 0.999, 0.999, 0.001, 0.999, 0.999, 0.001, 0.001, 0.001)": 10, "(0.001, 0.001, 0.999, 0.001, 0.001, 0.001, 0.001, 0.001, 0.001, 0.001, 0.001, 0.999, 0.999, 0.999, 0.001, 0.999)": 101, "(0.001, 0.001, 0.001, 0.001, 0.999, 0.001, 0.001, 0.001, 0.999, 0.999, 0.999, 0.999, 0.001, 0.999, 0.999, 0.001)": 102, "(0.999, 0.001, 0.999, 0.001, 0.001, 0.001, 0.001, 0.001, 0.001, 0.999, 0.999, 0.001, 0.001, 0.001, 0.999, 0.001)": 12, "(0.999, 0.999, 0.001, 0.999, 0.999, 0.999, 0.001, 0.001, 0.999, 0.999, 0.001, 0.001, 0.999, 0.999, 0.999, 0.999)": 1, "(0.999, 0.001, 0.999, 0.001, 0.001, 0.999, 0.001, 0.999, 0.001, 0.001, 0.001, 0.999, 0.001, 0.999, 0.001, 0.999)": 12, "(0.001, 0.001, 0.999, 0.001, 0.001, 0.001, 0.001, 0.001, 0.001, 0.999, 0.999, 0.999, 0.999, 0.001, 0.001, 0.999)": 90, "(0.001, 0.001, 0.001, 0.999, 0.999, 0.001, 0.001, 0.001, 0.999, 0.999, 0.001, 0.001, 0.001, 0.001, 0.999, 0.999)": 21, "(0.999, 0.999, 0.999, 0.001, 0.001, 0.001, 0.001, 0.999, 0.999, 0.999, 0.001, 0.999, 0.999, 0.001, 0.001, 0.999)": 4, "(0.001, 0.001, 0.001, 0.999, 0.001, 0.001, 0.001, 0.001, 0.999, 0.999, 0.001, 0.001, 0.999, 0.999, 0.999, 0.001)": 146, "(0.001, 0.001, 0.999, 0.001, 0.999, 0.001, 0.999, 0.001, 0.001, 0.999, 0.001, 0.999, 0.001, 0.999, 0.999, 0.001)": 23, "(0.001, 0.001, 0.001, 0.999, 0.001, 0.999, 0.999, 0.999, 0.001, 0.001, 0.001, 0.001, 0.999, 0.999, 0.999, 0.001)": 1, "(0.999, 0.999, 0.001, 0.001, 0.001, 0.001, 0.001, 0.001, 0.999, 0.999, 0.999, 0.999, 0.001, 0.001, 0.001, 0.001)": 35, "(0.999, 0.999, 0.001, 0.999, 0.001, 0.001, 0.001, 0.001, 0.001, 0.001, 0.999, 0.001, 0.001, 0.001, 0.999, 0.999)": 28, "(0.001, 0.001, 0.001, 0.001, 0.001, 0.999, 0.001, 0.001, 0.999, 0.999, 0.999, 0.999, 0.999, 0.999, 0.001, 0.999)": 12, "(0.999, 0.999, 0.001, 0.001, 0.001, 0.001, 0.001, 0.001, 0.001, 0.999, 0.999, 0.999, 0.001, 0.999, 0.001, 0.001)": 58, "(0.999, 0.001, 0.001, 0.001, 0.999, 0.001, 0.001, 0.001, 0.001, 0.001, 0.999, 0.999, 0.001, 0.001, 0.999, 0.001)": 97, "(0.999, 0.001, 0.999, 0.001, 0.999, 0.999, 0.999, 0.999, 0.001, 0.999, 0.001, 0.999, 0.999, 0.999, 0.001, 0.001)": 1, "(0.999, 0.001, 0.999, 0.999, 0.999, 0.001, 0.001, 0.001, 0.001, 0.001, 0.001, 0.999, 0.999, 0.001, 0.001, 0.001)": 131, "(0.999, 0.001, 0.001, 0.999, 0.999, 0.001, 0.001, 0.001, 0.001, 0.001, 0.001, 0.001, 0.999, 0.999, 0.001, 0.999)": 49, "(0.001, 0.001, 0.001, 0.001, 0.001, 0.001, 0.001, 0.999, 0.999, 0.001, 0.999, 0.999, 0.001, 0.999, 0.999, 0.999)": 1, "(0.999, 0.001, 0.999, 0.001, 0.001, 0.999, 0.001, 0.001, 0.001, 0.999, 0.999, 0.001, 0.001, 0.999, 0.001, 0.001)": 31, "(0.999, 0.001, 0.001, 0.001, 0.999, 0.001, 0.001, 0.001, 0.999, 0.999, 0.999, 0.001, 0.001, 0.001, 0.001, 0.999)": 986, "(0.001, 0.999, 0.001, 0.001, 0.999, 0.001, 0.001, 0.001, 0.999, 0.001, 0.999, 0.999, 0.001, 0.999, 0.001, 0.001)": 145, "(0.999, 0.999, 0.999, 0.001, 0.001, 0.001, 0.001, 0.001, 0.001, 0.001, 0.999, 0.001, 0.999, 0.001, 0.999, 0.001)": 7, "(0.001, 0.001, 0.999, 0.001, 0.001, 0.001, 0.999, 0.001, 0.001, 0.001, 0.001, 0.999, 0.999, 0.999, 0.999, 0.999)": 18, "(0.999, 0.001, 0.001, 0.001, 0.001, 0.001, 0.999, 0.999, 0.999, 0.001, 0.999, 0.999, 0.001, 0.999, 0.001, 0.999)": 22, "(0.001, 0.999, 0.001, 0.001, 0.999, 0.999, 0.001, 0.001, 0.999, 0.001, 0.001, 0.999, 0.999, 0.999, 0.001, 0.001)": 3, "(0.999, 0.001, 0.001, 0.001, 0.001, 0.001, 0.001, 0.999, 0.001, 0.001, 0.999, 0.001, 0.001, 0.001, 0.001, 0.001)": 18, "(0.999, 0.999, 0.999, 0.001, 0.001, 0.001, 0.001, 0.001, 0.999, 0.999, 0.999, 0.001, 0.999, 0.999, 0.001, 0.999)": 3, "(0.999, 0.001, 0.001, 0.999, 0.999, 0.001, 0.001, 0.999, 0.001, 0.999, 0.999, 0.001, 0.001, 0.001, 0.001, 0.999)": 3, "(0.001, 0.001, 0.001, 0.001, 0.001, 0.001, 0.001, 0.001, 0.999, 0.001, 0.001, 0.999, 0.001, 0.999, 0.999, 0.001)": 141, "(0.001, 0.001, 0.999, 0.001, 0.001, 0.001, 0.999, 0.999, 0.001, 0.001, 0.999, 0.999, 0.999, 0.999, 0.999, 0.001)": 1, "(0.001, 0.999, 0.001, 0.999, 0.001, 0.001, 0.001, 0.001, 0.001, 0.999, 0.001, 0.001, 0.001, 0.999, 0.999, 0.999)": 2, "(0.001, 0.001, 0.001, 0.001, 0.001, 0.001, 0.999, 0.001, 0.999, 0.001, 0.999, 0.001, 0.001, 0.999, 0.999, 0.999)": 138, "(0.999, 0.999, 0.001, 0.001, 0.999, 0.001, 0.999, 0.001, 0.999, 0.999, 0.001, 0.001, 0.999, 0.001, 0.999, 0.001)": 1, "(0.001, 0.001, 0.001, 0.999, 0.999, 0.999, 0.001, 0.999, 0.001, 0.001, 0.999, 0.001, 0.999, 0.999, 0.999, 0.001)": 1, "(0.001, 0.001, 0.001, 0.001, 0.999, 0.001, 0.999, 0.001, 0.001, 0.001, 0.001, 0.999, 0.999, 0.001, 0.999, 0.999)": 33, "(0.999, 0.001, 0.999, 0.001, 0.999, 0.001, 0.001, 0.999, 0.001, 0.001, 0.001, 0.999, 0.999, 0.001, 0.999, 0.001)": 5, "(0.001, 0.001, 0.999, 0.999, 0.001, 0.001, 0.001, 0.999, 0.999, 0.001, 0.999, 0.001, 0.999, 0.001, 0.999, 0.999)": 1, "(0.999, 0.001, 0.999, 0.001, 0.001, 0.001, 0.001, 0.001, 0.001, 0.001, 0.001, 0.999, 0.001, 0.001, 0.999, 0.999)": 14, "(0.999, 0.001, 0.001, 0.999, 0.001, 0.999, 0.999, 0.999, 0.999, 0.001, 0.001, 0.001, 0.999, 0.999, 0.001, 0.999)": 32, "(0.999, 0.001, 0.999, 0.001, 0.001, 0.999, 0.001, 0.001, 0.001, 0.999, 0.999, 0.001, 0.999, 0.999, 0.001, 0.999)": 5, "(0.001, 0.001, 0.999, 0.001, 0.999, 0.001, 0.001, 0.001, 0.999, 0.999, 0.001, 0.001, 0.001, 0.001, 0.999, 0.999)": 1, "(0.001, 0.001, 0.999, 0.999, 0.999, 0.999, 0.999, 0.001, 0.999, 0.001, 0.001, 0.001, 0.999, 0.999, 0.999, 0.001)": 10, "(0.001, 0.999, 0.999, 0.001, 0.001, 0.001, 0.001, 0.999, 0.999, 0.999, 0.001, 0.999, 0.999, 0.001, 0.001, 0.999)": 5, "(0.001, 0.001, 0.999, 0.999, 0.001, 0.001, 0.001, 0.999, 0.999, 0.001, 0.999, 0.999, 0.001, 0.001, 0.999, 0.001)": 5, "(0.999, 0.001, 0.999, 0.001, 0.999, 0.999, 0.001, 0.001, 0.999, 0.999, 0.999, 0.001, 0.999, 0.999, 0.001, 0.999)": 2, "(0.001, 0.001, 0.999, 0.001, 0.001, 0.001, 0.001, 0.001, 0.999, 0.999, 0.001, 0.001, 0.001, 0.999, 0.001, 0.999)": 941, "(0.001, 0.999, 0.001, 0.001, 0.999, 0.001, 0.999, 0.001, 0.999, 0.999, 0.001, 0.001, 0.001, 0.999, 0.001, 0.001)": 4, "(0.001, 0.001, 0.001, 0.999, 0.001, 0.001, 0.001, 0.999, 0.001, 0.001, 0.999, 0.999, 0.999, 0.001, 0.999, 0.001)": 32, "(0.999, 0.999, 0.999, 0.999, 0.999, 0.001, 0.001, 0.001, 0.999, 0.001, 0.001, 0.001, 0.999, 0.001, 0.999, 0.001)": 1, "(0.999, 0.999, 0.001, 0.999, 0.999, 0.001, 0.999, 0.999, 0.999, 0.001, 0.001, 0.999, 0.999, 0.999, 0.001, 0.001)": 1, "(0.001, 0.001, 0.001, 0.999, 0.999, 0.001, 0.001, 0.001, 0.999, 0.001, 0.999, 0.001, 0.999, 0.001, 0.999, 0.001)": 68, "(0.999, 0.999, 0.999, 0.999, 0.999, 0.001, 0.999, 0.001, 0.999, 0.001, 0.999, 0.999, 0.001, 0.999, 0.001, 0.999)": 1, "(0.999, 0.001, 0.999, 0.999, 0.001, 0.999, 0.001, 0.001, 0.001, 0.999, 0.999, 0.999, 0.001, 0.999, 0.999, 0.999)": 12, "(0.001, 0.001, 0.999, 0.001, 0.999, 0.001, 0.001, 0.999, 0.999, 0.999, 0.001, 0.999, 0.001, 0.999, 0.001, 0.001)": 10, "(0.001, 0.001, 0.001, 0.999, 0.999, 0.999, 0.001, 0.001, 0.001, 0.999, 0.001, 0.001, 0.999, 0.999, 0.001, 0.001)": 13, "(0.001, 0.999, 0.999, 0.001, 0.001, 0.001, 0.001, 0.001, 0.001, 0.999, 0.999, 0.999, 0.001, 0.999, 0.001, 0.001)": 32, "(0.999, 0.999, 0.001, 0.999, 0.001, 0.001, 0.001, 0.001, 0.999, 0.999, 0.001, 0.999, 0.001, 0.001, 0.999, 0.999)": 15, "(0.001, 0.999, 0.001, 0.999, 0.999, 0.999, 0.001, 0.001, 0.999, 0.001, 0.999, 0.001, 0.001, 0.999, 0.001, 0.999)": 1, "(0.999, 0.001, 0.001, 0.999, 0.001, 0.001, 0.999, 0.001, 0.001, 0.999, 0.001, 0.999, 0.001, 0.001, 0.999, 0.999)": 3, "(0.999, 0.001, 0.999, 0.999, 0.001, 0.999, 0.001, 0.999, 0.999, 0.999, 0.999, 0.001, 0.999, 0.001, 0.001, 0.999)": 2, "(0.999, 0.999, 0.999, 0.001, 0.999, 0.001, 0.001, 0.001, 0.001, 0.999, 0.001, 0.999, 0.999, 0.001, 0.999, 0.999)": 2, "(0.999, 0.999, 0.001, 0.001, 0.001, 0.001, 0.001, 0.001, 0.999, 0.001, 0.999, 0.999, 0.001, 0.001, 0.999, 0.999)": 105, "(0.001, 0.001, 0.999, 0.001, 0.001, 0.999, 0.001, 0.001, 0.999, 0.999, 0.001, 0.001, 0.999, 0.999, 0.999, 0.999)": 22, "(0.999, 0.001, 0.001, 0.001, 0.001, 0.999, 0.001, 0.001, 0.999, 0.001, 0.001, 0.001, 0.999, 0.999, 0.001, 0.001)": 8, "(0.999, 0.001, 0.001, 0.999, 0.001, 0.001, 0.001, 0.001, 0.001, 0.001, 0.001, 0.001, 0.001, 0.999, 0.001, 0.001)": 327, "(0.999, 0.001, 0.001, 0.999, 0.001, 0.001, 0.999, 0.001, 0.001, 0.999, 0.999, 0.999, 0.001, 0.001, 0.001, 0.999)": 6, "(0.999, 0.001, 0.999, 0.001, 0.001, 0.001, 0.001, 0.001, 0.999, 0.001, 0.001, 0.999, 0.001, 0.001, 0.001, 0.999)": 28, "(0.001, 0.001, 0.999, 0.001, 0.999, 0.001, 0.001, 0.001, 0.999, 0.999, 0.999, 0.999, 0.001, 0.001, 0.999, 0.999)": 46, "(0.999, 0.999, 0.999, 0.999, 0.001, 0.001, 0.001, 0.001, 0.001, 0.999, 0.001, 0.001, 0.001, 0.999, 0.999, 0.999)": 2, "(0.001, 0.001, 0.001, 0.999, 0.999, 0.001, 0.999, 0.999, 0.999, 0.001, 0.999, 0.001, 0.001, 0.999, 0.999, 0.999)": 2, "(0.001, 0.001, 0.001, 0.001, 0.999, 0.001, 0.001, 0.001, 0.001, 0.999, 0.001, 0.001, 0.001, 0.001, 0.999, 0.999)": 442, "(0.999, 0.001, 0.999, 0.999, 0.001, 0.001, 0.999, 0.001, 0.001, 0.001, 0.001, 0.001, 0.001, 0.999, 0.999, 0.001)": 22, "(0.001, 0.001, 0.999, 0.001, 0.001, 0.999, 0.001, 0.999, 0.999, 0.001, 0.001, 0.001, 0.999, 0.999, 0.999, 0.999)": 2, "(0.999, 0.001, 0.999, 0.999, 0.999, 0.999, 0.001, 0.001, 0.001, 0.001, 0.999, 0.001, 0.999, 0.999, 0.001, 0.001)": 21, "(0.999, 0.999, 0.999, 0.999, 0.999, 0.999, 0.001, 0.999, 0.001, 0.999, 0.999, 0.001, 0.999, 0.999, 0.999, 0.999)": 1, "(0.999, 0.999, 0.001, 0.999, 0.001, 0.999, 0.999, 0.999, 0.001, 0.001, 0.001, 0.999, 0.999, 0.001, 0.999, 0.001)": 2, "(0.001, 0.001, 0.001, 0.001, 0.001, 0.999, 0.001, 0.999, 0.001, 0.001, 0.001, 0.999, 0.999, 0.999, 0.999, 0.001)": 1, "(0.001, 0.001, 0.001, 0.999, 0.001, 0.001, 0.999, 0.001, 0.999, 0.001, 0.001, 0.001, 0.999, 0.999, 0.001, 0.001)": 48, "(0.999, 0.999, 0.999, 0.001, 0.001, 0.001, 0.001, 0.999, 0.001, 0.999, 0.001, 0.001, 0.001, 0.001, 0.001, 0.001)": 5, "(0.001, 0.001, 0.001, 0.999, 0.001, 0.001, 0.001, 0.001, 0.001, 0.999, 0.999, 0.001, 0.999, 0.999, 0.001, 0.001)": 192, "(0.001, 0.999, 0.001, 0.999, 0.001, 0.001, 0.999, 0.001, 0.999, 0.999, 0.001, 0.001, 0.999, 0.999, 0.001, 0.001)": 1, "(0.999, 0.001, 0.001, 0.001, 0.001, 0.001, 0.001, 0.999, 0.001, 0.001, 0.999, 0.999, 0.001, 0.001, 0.999, 0.001)": 1, "(0.001, 0.001, 0.001, 0.001, 0.999, 0.999, 0.001, 0.001, 0.001, 0.001, 0.999, 0.999, 0.999, 0.999, 0.001, 0.001)": 38, "(0.999, 0.999, 0.001, 0.001, 0.999, 0.001, 0.001, 0.001, 0.001, 0.001, 0.999, 0.001, 0.999, 0.001, 0.001, 0.001)": 32, "(0.001, 0.999, 0.999, 0.001, 0.999, 0.001, 0.001, 0.001, 0.999, 0.999, 0.001, 0.001, 0.001, 0.999, 0.999, 0.999)": 4, "(0.999, 0.001, 0.001, 0.001, 0.001, 0.001, 0.001, 0.001, 0.001, 0.999, 0.999, 0.001, 0.001, 0.999, 0.999, 0.999)": 79, "(0.001, 0.001, 0.999, 0.999, 0.999, 0.001, 0.999, 0.001, 0.999, 0.999, 0.001, 0.999, 0.999, 0.001, 0.999, 0.001)": 19, "(0.001, 0.999, 0.999, 0.999, 0.999, 0.999, 0.001, 0.999, 0.001, 0.001, 0.999, 0.999, 0.999, 0.001, 0.001, 0.001)": 3, "(0.001, 0.999, 0.001, 0.999, 0.001, 0.001, 0.001, 0.999, 0.999, 0.999, 0.999, 0.001, 0.001, 0.001, 0.999, 0.001)": 10, "(0.999, 0.999, 0.999, 0.999, 0.001, 0.001, 0.001, 0.001, 0.999, 0.001, 0.999, 0.001, 0.001, 0.999, 0.999, 0.999)": 176, "(0.999, 0.001, 0.999, 0.001, 0.001, 0.001, 0.001, 0.999, 0.999, 0.001, 0.001, 0.999, 0.999, 0.999, 0.999, 0.999)": 4, "(0.001, 0.001, 0.999, 0.001, 0.001, 0.999, 0.999, 0.001, 0.001, 0.001, 0.999, 0.001, 0.001, 0.999, 0.001, 0.999)": 1, "(0.001, 0.001, 0.001, 0.999, 0.999, 0.999, 0.001, 0.001, 0.999, 0.001, 0.999, 0.999, 0.001, 0.999, 0.001, 0.001)": 14, "(0.999, 0.999, 0.999, 0.001, 0.001, 0.001, 0.001, 0.999, 0.001, 0.001, 0.001, 0.001, 0.999, 0.001, 0.001, 0.999)": 29, "(0.001, 0.001, 0.001, 0.001, 0.001, 0.001, 0.001, 0.999, 0.999, 0.999, 0.001, 0.999, 0.999, 0.999, 0.999, 0.001)": 4, "(0.999, 0.999, 0.001, 0.999, 0.999, 0.001, 0.001, 0.001, 0.001, 0.001, 0.999, 0.999, 0.999, 0.001, 0.001, 0.999)": 28, "(0.999, 0.999, 0.999, 0.001, 0.001, 0.001, 0.001, 0.001, 0.001, 0.999, 0.001, 0.999, 0.999, 0.999, 0.001, 0.999)": 4, "(0.001, 0.999, 0.001, 0.001, 0.001, 0.999, 0.001, 0.001, 0.001, 0.001, 0.999, 0.001, 0.999, 0.999, 0.999, 0.999)": 49, "(0.999, 0.001, 0.001, 0.999, 0.999, 0.001, 0.001, 0.001, 0.001, 0.001, 0.001, 0.999, 0.999, 0.001, 0.999, 0.001)": 3, "(0.999, 0.001, 0.001, 0.999, 0.999, 0.001, 0.999, 0.001, 0.999, 0.001, 0.999, 0.999, 0.999, 0.001, 0.001, 0.999)": 10, "(0.999, 0.999, 0.999, 0.001, 0.999, 0.999, 0.001, 0.001, 0.001, 0.001, 0.001, 0.001, 0.999, 0.001, 0.001, 0.999)": 6, "(0.999, 0.001, 0.999, 0.999, 0.001, 0.001, 0.001, 0.001, 0.999, 0.999, 0.001, 0.999, 0.001, 0.999, 0.001, 0.999)": 582, "(0.999, 0.001, 0.001, 0.001, 0.001, 0.001, 0.001, 0.999, 0.999, 0.999, 0.001, 0.001, 0.001, 0.999, 0.999, 0.999)": 5, "(0.999, 0.999, 0.999, 0.999, 0.001, 0.001, 0.999, 0.999, 0.999, 0.999, 0.999, 0.999, 0.999, 0.999, 0.999, 0.001)": 4, "(0.001, 0.001, 0.001, 0.999, 0.999, 0.001, 0.999, 0.999, 0.001, 0.001, 0.999, 0.999, 0.999, 0.999, 0.001, 0.001)": 4, "(0.999, 0.001, 0.999, 0.001, 0.001, 0.001, 0.001, 0.999, 0.999, 0.999, 0.999, 0.999, 0.001, 0.001, 0.001, 0.001)": 7, "(0.001, 0.001, 0.001, 0.001, 0.999, 0.001, 0.001, 0.001, 0.999, 0.999, 0.999, 0.001, 0.999, 0.999, 0.999, 0.001)": 53, "(0.001, 0.001, 0.001, 0.999, 0.001, 0.001, 0.001, 0.001, 0.001, 0.001, 0.999, 0.999, 0.999, 0.001, 0.001, 0.999)": 79, "(0.001, 0.001, 0.001, 0.001, 0.999, 0.001, 0.001, 0.999, 0.001, 0.001, 0.001, 0.999, 0.001, 0.001, 0.001, 0.999)": 26, "(0.001, 0.001, 0.001, 0.001, 0.999, 0.001, 0.001, 0.001, 0.999, 0.999, 0.001, 0.001, 0.999, 0.999, 0.001, 0.001)": 21, "(0.001, 0.999, 0.999, 0.999, 0.999, 0.001, 0.999, 0.001, 0.001, 0.001, 0.001, 0.999, 0.999, 0.999, 0.001, 0.999)": 2, "(0.999, 0.999, 0.001, 0.001, 0.999, 0.001, 0.001, 0.001, 0.001, 0.001, 0.999, 0.001, 0.001, 0.999, 0.999, 0.999)": 119, "(0.999, 0.001, 0.999, 0.001, 0.999, 0.999, 0.001, 0.001, 0.001, 0.001, 0.001, 0.999, 0.001, 0.999, 0.999, 0.999)": 18, "(0.999, 0.001, 0.001, 0.999, 0.001, 0.001, 0.999, 0.999, 0.001, 0.001, 0.999, 0.999, 0.001, 0.999, 0.001, 0.001)": 2, "(0.999, 0.999, 0.001, 0.001, 0.001, 0.001, 0.999, 0.001, 0.001, 0.001, 0.999, 0.001, 0.001, 0.999, 0.999, 0.001)": 11, "(0.999, 0.999, 0.001, 0.001, 0.001, 0.001, 0.999, 0.999, 0.999, 0.001, 0.001, 0.999, 0.001, 0.001, 0.999, 0.999)": 8, "(0.001, 0.001, 0.999, 0.001, 0.999, 0.001, 0.001, 0.001, 0.001, 0.001, 0.999, 0.999, 0.999, 0.999, 0.999, 0.001)": 11, "(0.999, 0.999, 0.001, 0.999, 0.001, 0.001, 0.999, 0.999, 0.001, 0.001, 0.999, 0.999, 0.999, 0.999, 0.001, 0.001)": 4, "(0.001, 0.999, 0.001, 0.999, 0.999, 0.001, 0.001, 0.999, 0.001, 0.001, 0.999, 0.999, 0.999, 0.001, 0.999, 0.999)": 3, "(0.001, 0.001, 0.001, 0.999, 0.001, 0.001, 0.001, 0.999, 0.001, 0.999, 0.999, 0.001, 0.001, 0.001, 0.001, 0.999)": 69, "(0.001, 0.001, 0.999, 0.001, 0.999, 0.001, 0.001, 0.999, 0.001, 0.999, 0.001, 0.999, 0.001, 0.001, 0.999, 0.999)": 6, "(0.999, 0.001, 0.999, 0.001, 0.999, 0.999, 0.999, 0.999, 0.001, 0.999, 0.001, 0.001, 0.001, 0.999, 0.001, 0.999)": 1, "(0.999, 0.999, 0.001, 0.999, 0.001, 0.999, 0.001, 0.001, 0.001, 0.999, 0.999, 0.999, 0.999, 0.999, 0.999, 0.001)": 4, "(0.999, 0.001, 0.001, 0.999, 0.999, 0.999, 0.001, 0.001, 0.999, 0.001, 0.999, 0.001, 0.999, 0.999, 0.999, 0.999)": 71, "(0.001, 0.999, 0.001, 0.001, 0.001, 0.001, 0.001, 0.001, 0.001, 0.001, 0.999, 0.999, 0.001, 0.001, 0.001, 0.999)": 119, "(0.001, 0.999, 0.001, 0.001, 0.001, 0.001, 0.999, 0.001, 0.001, 0.999, 0.999, 0.001, 0.001, 0.999, 0.999, 0.001)": 18, "(0.001, 0.999, 0.001, 0.001, 0.001, 0.001, 0.001, 0.001, 0.999, 0.001, 0.999, 0.001, 0.001, 0.999, 0.999, 0.999)": 2, "(0.001, 0.999, 0.999, 0.999, 0.999, 0.001, 0.999, 0.001, 0.999, 0.001, 0.999, 0.001, 0.999, 0.999, 0.001, 0.001)": 3, "(0.001, 0.999, 0.999, 0.999, 0.999, 0.999, 0.001, 0.999, 0.999, 0.999, 0.001, 0.001, 0.001, 0.999, 0.999, 0.001)": 8, "(0.999, 0.001, 0.999, 0.999, 0.001, 0.001, 0.001, 0.001, 0.001, 0.999, 0.001, 0.001, 0.001, 0.999, 0.999, 0.999)": 15, "(0.001, 0.001, 0.999, 0.999, 0.999, 0.001, 0.001, 0.999, 0.001, 0.001, 0.001, 0.999, 0.999, 0.999, 0.999, 0.999)": 4, "(0.999, 0.001, 0.999, 0.001, 0.001, 0.999, 0.001, 0.999, 0.001, 0.001, 0.999, 0.999, 0.999, 0.999, 0.001, 0.999)": 5, "(0.001, 0.001, 0.001, 0.001, 0.001, 0.001, 0.001, 0.001, 0.999, 0.999, 0.001, 0.999, 0.001, 0.001, 0.001, 0.999)": 410, "(0.001, 0.999, 0.999, 0.001, 0.999, 0.001, 0.001, 0.001, 0.001, 0.999, 0.001, 0.001, 0.001, 0.999, 0.001, 0.999)": 4, "(0.001, 0.001, 0.001, 0.001, 0.999, 0.001, 0.001, 0.999, 0.999, 0.001, 0.999, 0.001, 0.001, 0.999, 0.999, 0.999)": 14, "(0.999, 0.999, 0.001, 0.001, 0.001, 0.999, 0.001, 0.001, 0.001, 0.999, 0.999, 0.999, 0.001, 0.999, 0.001, 0.001)": 8, "(0.999, 0.001, 0.999, 0.999, 0.001, 0.001, 0.001, 0.001, 0.001, 0.001, 0.001, 0.999, 0.999, 0.001, 0.001, 0.999)": 66, "(0.001, 0.001, 0.999, 0.001, 0.001, 0.001, 0.001, 0.001, 0.999, 0.001, 0.001, 0.001, 0.999, 0.001, 0.001, 0.999)": 27, "(0.001, 0.999, 0.999, 0.001, 0.999, 0.001, 0.001, 0.001, 0.999, 0.999, 0.001, 0.001, 0.999, 0.999, 0.001, 0.999)": 21, "(0.001, 0.001, 0.001, 0.999, 0.001, 0.001, 0.999, 0.001, 0.999, 0.001, 0.999, 0.999, 0.999, 0.001, 0.999, 0.001)": 45, "(0.001, 0.999, 0.001, 0.001, 0.999, 0.999, 0.999, 0.999, 0.999, 0.001, 0.001, 0.999, 0.999, 0.001, 0.001, 0.001)": 1, "(0.001, 0.999, 0.999, 0.001, 0.001, 0.001, 0.001, 0.001, 0.001, 0.999, 0.999, 0.001, 0.999, 0.001, 0.999, 0.999)": 2, "(0.999, 0.001, 0.001, 0.001, 0.999, 0.001, 0.999, 0.999, 0.999, 0.001, 0.999, 0.001, 0.001, 0.999, 0.999, 0.999)": 9, "(0.999, 0.001, 0.001, 0.999, 0.001, 0.001, 0.001, 0.999, 0.001, 0.999, 0.999, 0.999, 0.001, 0.999, 0.999, 0.001)": 22, "(0.001, 0.001, 0.001, 0.001, 0.999, 0.001, 0.001, 0.001, 0.999, 0.001, 0.001, 0.999, 0.001, 0.001, 0.999, 0.001)": 35, "(0.001, 0.001, 0.001, 0.001, 0.999, 0.001, 0.001, 0.999, 0.999, 0.999, 0.001, 0.999, 0.001, 0.999, 0.001, 0.001)": 4, "(0.001, 0.001, 0.001, 0.999, 0.001, 0.001, 0.999, 0.001, 0.999, 0.001, 0.999, 0.001, 0.001, 0.001, 0.999, 0.001)": 33, "(0.001, 0.999, 0.999, 0.001, 0.999, 0.001, 0.001, 0.999, 0.001, 0.001, 0.999, 0.999, 0.001, 0.001, 0.999, 0.001)": 1, "(0.001, 0.999, 0.001, 0.999, 0.001, 0.001, 0.999, 0.999, 0.001, 0.999, 0.999, 0.999, 0.001, 0.999, 0.001, 0.999)": 1, "(0.001, 0.001, 0.001, 0.001, 0.999, 0.001, 0.999, 0.999, 0.001, 0.001, 0.999, 0.999, 0.001, 0.999, 0.999, 0.001)": 3, "(0.999, 0.001, 0.999, 0.001, 0.999, 0.999, 0.999, 0.001, 0.999, 0.999, 0.999, 0.001, 0.999, 0.001, 0.001, 0.001)": 17, "(0.999, 0.999, 0.999, 0.001, 0.001, 0.999, 0.001, 0.999, 0.999, 0.999, 0.999, 0.001, 0.001, 0.999, 0.999, 0.001)": 1, "(0.001, 0.999, 0.001, 0.999, 0.001, 0.999, 0.999, 0.001, 0.999, 0.999, 0.999, 0.999, 0.999, 0.999, 0.001, 0.001)": 3, "(0.999, 0.001, 0.001, 0.001, 0.001, 0.999, 0.001, 0.001, 0.001, 0.001, 0.999, 0.001, 0.001, 0.001, 0.999, 0.999)": 35, "(0.001, 0.001, 0.999, 0.001, 0.999, 0.001, 0.001, 0.001, 0.001, 0.001, 0.999, 0.999, 0.001, 0.001, 0.999, 0.001)": 3, "(0.001, 0.001, 0.001, 0.001, 0.999, 0.001, 0.001, 0.999, 0.999, 0.001, 0.001, 0.999, 0.001, 0.999, 0.999, 0.001)": 1, "(0.999, 0.999, 0.001, 0.999, 0.999, 0.001, 0.001, 0.001, 0.001, 0.999, 0.001, 0.001, 0.999, 0.001, 0.001, 0.001)": 1, "(0.999, 0.001, 0.001, 0.999, 0.999, 0.001, 0.999, 0.001, 0.999, 0.999, 0.999, 0.001, 0.001, 0.001, 0.999, 0.999)": 1, "(0.001, 0.999, 0.001, 0.001, 0.001, 0.001, 0.001, 0.999, 0.001, 0.999, 0.001, 0.999, 0.001, 0.001, 0.999, 0.999)": 22, "(0.001, 0.001, 0.999, 0.001, 0.999, 0.001, 0.001, 0.001, 0.001, 0.001, 0.001, 0.999, 0.001, 0.999, 0.001, 0.001)": 65, "(0.001, 0.001, 0.001, 0.999, 0.001, 0.001, 0.001, 0.001, 0.001, 0.999, 0.001, 0.001, 0.001, 0.001, 0.001, 0.999)": 39, "(0.001, 0.999, 0.001, 0.001, 0.999, 0.001, 0.001, 0.999, 0.001, 0.001, 0.001, 0.999, 0.999, 0.999, 0.999, 0.999)": 1, "(0.001, 0.999, 0.001, 0.001, 0.001, 0.001, 0.001, 0.001, 0.001, 0.999, 0.999, 0.999, 0.999, 0.001, 0.999, 0.001)": 11, "(0.999, 0.001, 0.001, 0.001, 0.999, 0.999, 0.001, 0.999, 0.999, 0.999, 0.999, 0.999, 0.999, 0.999, 0.999, 0.001)": 11, "(0.001, 0.001, 0.999, 0.001, 0.001, 0.001, 0.001, 0.001, 0.001, 0.999, 0.001, 0.001, 0.001, 0.999, 0.001, 0.999)": 222, "(0.999, 0.999, 0.999, 0.001, 0.999, 0.001, 0.999, 0.001, 0.999, 0.001, 0.999, 0.001, 0.999, 0.999, 0.999, 0.999)": 33, "(0.999, 0.001, 0.999, 0.999, 0.001, 0.001, 0.999, 0.001, 0.001, 0.999, 0.999, 0.999, 0.001, 0.001, 0.999, 0.999)": 8, "(0.001, 0.001, 0.001, 0.001, 0.001, 0.001, 0.001, 0.999, 0.999, 0.001, 0.001, 0.001, 0.001, 0.001, 0.999, 0.999)": 7, "(0.001, 0.001, 0.001, 0.999, 0.001, 0.001, 0.001, 0.001, 0.999, 0.001, 0.001, 0.001, 0.001, 0.001, 0.999, 0.001)": 34, "(0.999, 0.999, 0.999, 0.001, 0.001, 0.001, 0.999, 0.001, 0.999, 0.999, 0.001, 0.999, 0.999, 0.001, 0.999, 0.999)": 3, "(0.999, 0.001, 0.999, 0.999, 0.001, 0.001, 0.001, 0.001, 0.999, 0.999, 0.999, 0.999, 0.001, 0.999, 0.999, 0.999)": 10, "(0.999, 0.001, 0.001, 0.999, 0.001, 0.001, 0.001, 0.999, 0.999, 0.999, 0.999, 0.001, 0.001, 0.001, 0.999, 0.999)": 1186, "(0.001, 0.999, 0.001, 0.001, 0.001, 0.001, 0.001, 0.999, 0.001, 0.001, 0.001, 0.001, 0.001, 0.001, 0.001, 0.999)": 28, "(0.001, 0.001, 0.001, 0.001, 0.999, 0.001, 0.001, 0.001, 0.999, 0.001, 0.999, 0.001, 0.001, 0.001, 0.001, 0.999)": 187, "(0.999, 0.999, 0.999, 0.999, 0.999, 0.001, 0.999, 0.001, 0.001, 0.001, 0.001, 0.001, 0.999, 0.001, 0.999, 0.001)": 10, "(0.001, 0.001, 0.001, 0.001, 0.001, 0.999, 0.999, 0.999, 0.001, 0.001, 0.999, 0.001, 0.999, 0.001, 0.999, 0.001)": 2, "(0.001, 0.999, 0.001, 0.001, 0.001, 0.999, 0.001, 0.001, 0.001, 0.999, 0.999, 0.001, 0.001, 0.001, 0.999, 0.999)": 9, "(0.999, 0.999, 0.001, 0.001, 0.001, 0.001, 0.001, 0.001, 0.999, 0.001, 0.001, 0.999, 0.001, 0.999, 0.999, 0.001)": 77, "(0.999, 0.001, 0.999, 0.001, 0.999, 0.999, 0.999, 0.001, 0.999, 0.999, 0.001, 0.999, 0.999, 0.999, 0.999, 0.001)": 30, "(0.999, 0.999, 0.999, 0.999, 0.001, 0.999, 0.001, 0.999, 0.001, 0.001, 0.001, 0.999, 0.001, 0.999, 0.001, 0.999)": 3, "(0.999, 0.001, 0.001, 0.001, 0.001, 0.001, 0.001, 0.001, 0.999, 0.001, 0.999, 0.001, 0.999, 0.999, 0.999, 0.001)": 282, "(0.001, 0.999, 0.001, 0.001, 0.001, 0.001, 0.999, 0.001, 0.001, 0.001, 0.001, 0.001, 0.001, 0.999, 0.999, 0.999)": 17, "(0.999, 0.001, 0.001, 0.999, 0.001, 0.001, 0.001, 0.999, 0.001, 0.999, 0.001, 0.001, 0.001, 0.001, 0.999, 0.001)": 4, "(0.999, 0.001, 0.999, 0.999, 0.001, 0.999, 0.001, 0.999, 0.999, 0.999, 0.001, 0.001, 0.001, 0.999, 0.999, 0.999)": 12, "(0.999, 0.001, 0.001, 0.999, 0.001, 0.001, 0.001, 0.999, 0.999, 0.001, 0.001, 0.999, 0.999, 0.001, 0.001, 0.999)": 393, "(0.001, 0.999, 0.999, 0.001, 0.999, 0.001, 0.001, 0.001, 0.001, 0.001, 0.999, 0.001, 0.001, 0.999, 0.001, 0.999)": 11, "(0.999, 0.001, 0.999, 0.001, 0.001, 0.001, 0.001, 0.001, 0.001, 0.001, 0.999, 0.999, 0.001, 0.001, 0.999, 0.999)": 5, "(0.001, 0.001, 0.001, 0.999, 0.001, 0.999, 0.001, 0.001, 0.999, 0.999, 0.001, 0.001, 0.001, 0.999, 0.999, 0.999)": 18, "(0.999, 0.001, 0.001, 0.001, 0.999, 0.001, 0.999, 0.001, 0.999, 0.999, 0.999, 0.001, 0.999, 0.999, 0.999, 0.999)": 8, "(0.001, 0.999, 0.999, 0.999, 0.999, 0.999, 0.001, 0.001, 0.999, 0.001, 0.999, 0.001, 0.001, 0.001, 0.999, 0.001)": 9, "(0.001, 0.999, 0.999, 0.999, 0.001, 0.999, 0.001, 0.999, 0.999, 0.999, 0.001, 0.001, 0.999, 0.999, 0.001, 0.999)": 3, "(0.999, 0.001, 0.001, 0.001, 0.001, 0.999, 0.001, 0.001, 0.001, 0.001, 0.999, 0.001, 0.999, 0.001, 0.999, 0.001)": 4, "(0.999, 0.999, 0.999, 0.999, 0.999, 0.001, 0.001, 0.001, 0.001, 0.001, 0.999, 0.999, 0.001, 0.999, 0.999, 0.001)": 4, "(0.001, 0.001, 0.999, 0.001, 0.999, 0.999, 0.999, 0.999, 0.999, 0.001, 0.999, 0.999, 0.999, 0.999, 0.001, 0.001)": 5, "(0.001, 0.999, 0.001, 0.001, 0.001, 0.999, 0.001, 0.001, 0.001, 0.001, 0.001, 0.001, 0.001, 0.001, 0.001, 0.999)": 3, "(0.001, 0.999, 0.001, 0.001, 0.999, 0.001, 0.001, 0.001, 0.999, 0.001, 0.001, 0.001, 0.999, 0.001, 0.001, 0.999)": 109, "(0.999, 0.001, 0.001, 0.999, 0.999, 0.001, 0.999, 0.001, 0.001, 0.999, 0.001, 0.001, 0.001, 0.001, 0.999, 0.001)": 31, "(0.999, 0.001, 0.001, 0.999, 0.999, 0.999, 0.001, 0.999, 0.001, 0.001, 0.001, 0.001, 0.999, 0.001, 0.001, 0.999)": 4, "(0.001, 0.999, 0.001, 0.001, 0.999, 0.001, 0.999, 0.001, 0.999, 0.999, 0.001, 0.999, 0.999, 0.001, 0.001, 0.999)": 2, "(0.001, 0.999, 0.001, 0.001, 0.999, 0.001, 0.001, 0.001, 0.999, 0.999, 0.999, 0.001, 0.999, 0.999, 0.001, 0.999)": 13, "(0.001, 0.999, 0.001, 0.001, 0.001, 0.001, 0.999, 0.001, 0.001, 0.001, 0.999, 0.999, 0.001, 0.999, 0.999, 0.001)": 62, "(0.999, 0.001, 0.999, 0.001, 0.001, 0.001, 0.999, 0.999, 0.001, 0.001, 0.001, 0.001, 0.999, 0.001, 0.999, 0.001)": 5, "(0.999, 0.001, 0.999, 0.999, 0.001, 0.001, 0.001, 0.001, 0.001, 0.999, 0.001, 0.999, 0.999, 0.999, 0.001, 0.001)": 82, "(0.001, 0.999, 0.999, 0.001, 0.001, 0.001, 0.999, 0.001, 0.999, 0.999, 0.999, 0.999, 0.001, 0.999, 0.001, 0.001)": 4, "(0.001, 0.001, 0.001, 0.999, 0.999, 0.999, 0.001, 0.001, 0.001, 0.999, 0.999, 0.999, 0.001, 0.001, 0.999, 0.001)": 1, "(0.001, 0.999, 0.999, 0.001, 0.999, 0.001, 0.001, 0.001, 0.001, 0.001, 0.999, 0.999, 0.999, 0.999, 0.001, 0.001)": 30, "(0.999, 0.001, 0.999, 0.001, 0.001, 0.001, 0.999, 0.001, 0.001, 0.999, 0.001, 0.999, 0.999, 0.999, 0.999, 0.001)": 7, "(0.001, 0.001, 0.999, 0.999, 0.999, 0.999, 0.999, 0.999, 0.001, 0.999, 0.001, 0.001, 0.001, 0.999, 0.999, 0.999)": 2, "(0.001, 0.999, 0.001, 0.001, 0.001, 0.001, 0.999, 0.001, 0.999, 0.999, 0.001, 0.001, 0.001, 0.001, 0.001, 0.001)": 28, "(0.999, 0.001, 0.999, 0.999, 0.001, 0.001, 0.001, 0.999, 0.001, 0.999, 0.999, 0.999, 0.001, 0.001, 0.001, 0.999)": 11, "(0.999, 0.999, 0.001, 0.001, 0.999, 0.001, 0.001, 0.999, 0.001, 0.999, 0.001, 0.999, 0.001, 0.999, 0.001, 0.999)": 1, "(0.999, 0.001, 0.001, 0.999, 0.001, 0.001, 0.001, 0.001, 0.001, 0.999, 0.001, 0.999, 0.999, 0.999, 0.999, 0.001)": 10, "(0.001, 0.001, 0.001, 0.001, 0.001, 0.001, 0.001, 0.999, 0.001, 0.001, 0.999, 0.999, 0.001, 0.999, 0.001, 0.999)": 15, "(0.999, 0.999, 0.001, 0.001, 0.999, 0.001, 0.001, 0.001, 0.001, 0.999, 0.001, 0.001, 0.001, 0.001, 0.001, 0.001)": 344, "(0.999, 0.001, 0.999, 0.001, 0.999, 0.001, 0.999, 0.001, 0.999, 0.999, 0.999, 0.001, 0.999, 0.999, 0.001, 0.001)": 4, "(0.999, 0.999, 0.001, 0.999, 0.999, 0.999, 0.999, 0.001, 0.999, 0.999, 0.001, 0.999, 0.999, 0.999, 0.999, 0.001)": 7, "(0.001, 0.999, 0.001, 0.999, 0.999, 0.001, 0.999, 0.999, 0.001, 0.001, 0.001, 0.999, 0.999, 0.001, 0.999, 0.999)": 2, "(0.999, 0.999, 0.001, 0.999, 0.001, 0.001, 0.001, 0.999, 0.001, 0.001, 0.001, 0.999, 0.001, 0.999, 0.001, 0.999)": 6, "(0.999, 0.001, 0.999, 0.001, 0.999, 0.001, 0.001, 0.001, 0.999, 0.999, 0.001, 0.999, 0.001, 0.999, 0.001, 0.999)": 95, "(0.001, 0.001, 0.999, 0.999, 0.001, 0.001, 0.999, 0.001, 0.001, 0.001, 0.999, 0.999, 0.001, 0.999, 0.001, 0.001)": 23, "(0.999, 0.001, 0.999, 0.001, 0.999, 0.001, 0.999, 0.999, 0.999, 0.999, 0.001, 0.001, 0.999, 0.001, 0.999, 0.001)": 6, "(0.999, 0.999, 0.001, 0.999, 0.001, 0.001, 0.001, 0.999, 0.999, 0.999, 0.001, 0.001, 0.999, 0.999, 0.999, 0.999)": 43, "(0.001, 0.999, 0.999, 0.001, 0.001, 0.001, 0.999, 0.001, 0.001, 0.999, 0.001, 0.001, 0.001, 0.999, 0.999, 0.001)": 2, "(0.999, 0.999, 0.999, 0.001, 0.999, 0.999, 0.999, 0.999, 0.999, 0.999, 0.999, 0.999, 0.999, 0.999, 0.999, 0.001)": 2, "(0.001, 0.999, 0.999, 0.001, 0.001, 0.999, 0.001, 0.001, 0.999, 0.999, 0.999, 0.001, 0.001, 0.999, 0.001, 0.001)": 11, "(0.999, 0.001, 0.001, 0.999, 0.001, 0.001, 0.001, 0.001, 0.999, 0.001, 0.999, 0.001, 0.999, 0.001, 0.001, 0.999)": 1738, "(0.001, 0.999, 0.999, 0.001, 0.999, 0.001, 0.001, 0.999, 0.999, 0.001, 0.001, 0.001, 0.001, 0.001, 0.999, 0.999)": 5, "(0.001, 0.001, 0.001, 0.999, 0.001, 0.999,